#####################################################################
# Alchemist log file - simulation started at: 2020-02-27T13:10+0000 #
#####################################################################
# seed = 31.0, reactivity = 1.1, speed = 0
#
# The columns have the following meaning: 
# time classicrc[Mean] classicrc[StandardDeviation] reactiverc[Mean] reactiverc[StandardDeviation] errorclassic[Mean] errorclassic[StandardDeviation] errorreactive[Mean] errorreactive[StandardDeviation] 
0.0 NaN NaN NaN NaN NaN NaN NaN NaN 
1.0000066997929955 1.0 0.0 1.0 0.0 NaN NaN NaN NaN 
2.0000066997929946 2.0 0.0 1.2054965646470959 0.4041902632355751 NaN NaN NaN NaN 
3.0000066997929937 3.0 0.0 1.8869456589631481 0.35047928279744306 NaN NaN NaN NaN 
4.000006699792993 4.0 0.0 1.995627732667084 0.5055747930132702 NaN NaN NaN NaN 
5.000006699792992 5.0 0.0 2.225484072454713 0.7967120911297788 NaN NaN NaN NaN 
6.0000066997929915 6.0 0.0 2.6008744534665817 1.1067855414908616 NaN NaN NaN NaN 
7.000006699792991 7.0 0.0 3.130543410368521 1.3842228025215522 NaN NaN NaN NaN 
8.00000669979299 8.0 0.0 3.7532792004996858 1.603812895141872 NaN NaN NaN NaN 
9.000006699793 9.0 0.0 4.4397251717676465 1.723447395316213 NaN NaN NaN NaN 
10.000006699793008 10.0 0.0 5.1436602123672674 1.7369078399478177 NaN NaN NaN NaN 
11.000006699793017 11.0 0.0 5.836352279825106 1.65248379290732 0.3663041075937785 0.3597609342979518 NaN NaN 
12.000006699793026 12.0 0.0 6.464709556527172 1.5732641406371812 0.3082906723161084 0.2597410506796601 0.32615981449413023 0.2849896047097867 
13.000006699793035 13.0 0.0 7.024359775140535 1.5664549883354322 0.27304760361332153 0.20003761775604983 0.2790150974313895 0.20631228206294921 
14.000006699793044 14.0 0.0 7.532792004996876 1.619129476705324 0.2509475913814822 0.1628072842264354 0.2548389503116294 0.16507542883916976 
15.000006699793053 15.0 0.0 8.021861336664585 1.7117671521735853 0.23767214365072317 0.1426436430740108 0.23996497911649217 0.1415504017107158 
16.00000669979306 16.0 0.0 8.4946908182386 1.8210925415727468 0.22978328668125664 0.13163319949773386 0.23188365436523312 0.1286891943714039 
17.00000669979305 17.0 0.0 8.96189881324172 1.9430446192135764 0.22433262235222343 0.12490888817926239 0.2261146581507488 0.12294434596804657 
18.00000669979304 18.0 0.0 9.449718925671458 2.0096956196020925 0.22098722230032972 0.12135390539153977 0.22318448881703676 0.11991949260814709 
19.00000669979303 19.0 0.0 9.915053091817615 2.0552443924761086 0.21909487134158226 0.11938098458310194 0.22132522272218644 0.11911602351387597 
20.00000669979302 20.0 0.0 10.364147407870082 2.0689221319946554 0.2181624344920177 0.11850821278688803 0.22091282328643333 0.11815920321027819 
21.00000669979301 21.0 0.0 10.76889444097439 2.0667745013608276 0.2178916992224618 0.11815090403923983 0.2201305998940128 0.11820109516414604 
22.000006699792998 22.0 0.0 11.137414116177393 2.0781254916452045 0.2178163525402691 0.11800747659373939 0.21928627196361547 0.11801597339769866 
23.000006699792987 23.0 0.0 11.449718925671458 2.12929013604249 0.2178031651215805 0.1179791691306472 0.218590542376922 0.11806384859136011 
24.000006699792976 24.0 0.0 11.702061211742663 2.2182317279199593 0.21780302898399903 0.11797909332817097 0.21857851919638552 0.11781018283290719 
25.000006699792966 25.0 0.0 11.944409743910054 2.316523859580333 0.21780302898399903 0.11797909332817097 0.2193356364776115 0.11747961079254945 
26.000006699792955 26.0 0.0 12.20799500312305 2.396056351585877 0.21780302898399903 0.11797909332817097 0.2198266067998059 0.11687042862630194 
27.000006699792944 27.0 0.0 12.511555277951278 2.512473411222232 0.21780302898399903 0.11797909332817097 0.2201079174428755 0.11663054698791102 
28.000006699792934 28.0 0.0 12.844472204871959 2.615372055154524 0.21780302898399903 0.11797909332817097 0.22085554055859183 0.11663095386713761 
29.000006699792923 29.0 0.0 13.227982510930666 2.6818587751210923 0.21780302898399903 0.11797909332817097 0.22090670103395732 0.1162668208622829 
30.000006699792912 30.0 0.0 13.663335415365399 2.723685209059818 0.21780302898399903 0.11797909332817097 0.2204373621756679 0.1169278459215406 
31.000006699792902 31.0 0.0 14.089943785134288 2.7591946396254774 0.21780302898399903 0.11797909332817097 0.21978313088433493 0.11731591500351432 
32.00000669979289 32.0 0.0 14.51030605871331 2.7701624444731623 0.21780302898399903 0.11797909332817097 0.22011534418311576 0.11714655770130915 
33.00000669979292 33.0 0.0 14.906308557151778 2.757710359561532 0.21780302898399903 0.11797909332817097 0.21992695373836976 0.11767299836917729 
34.00000669979295 34.0 0.0 15.272954403497817 2.781155214752457 0.21780302898399903 0.11797909332817097 0.21930189191489632 0.11775573453799337 
35.000006699792976 35.0 0.0 15.585883822610867 2.8392825870269482 0.21780302898399903 0.11797909332817097 0.21860146613158477 0.1181001689976434 
36.000006699793005 36.0 0.0 15.843847595252969 2.9414029283248935 0.21780302898399903 0.11797909332817097 0.21851108168603428 0.11785274510859965 
37.00000669979303 37.0 0.0 16.093066833229233 3.0400589058693512 0.21780302898399903 0.11797909332817097 0.21986243873588707 0.11707838016207212 
38.00000669979306 38.0 0.0 16.365396627108062 3.152701517463021 0.21780302898399903 0.11797909332817097 0.21992328201693223 0.11665167811332575 
39.00000669979309 39.0 0.0 16.674578388507182 3.2643390736499365 0.21780302898399903 0.11797909332817097 0.21998023504735292 0.11667728868370611 
40.00000669979312 40.0 0.0 17.019987507807617 3.3620455454743348 0.21780302898399903 0.11797909332817097 0.22076728775400603 0.116746553557081 
41.00000669979315 41.0 0.0 17.422860712054966 3.424609767727072 0.21780302898399903 0.11797909332817097 0.22078736614926167 0.11655647218906522 
42.000006699793175 42.0 0.0 17.86758276077451 3.488904515145493 0.21780302898399903 0.11797909332817097 0.22013433864394924 0.11712193290298152 
43.000006699793204 43.0 0.0 18.287320424734542 3.541347960577835 0.21780302898399903 0.11797909332817097 0.21987655673936984 0.11718908033009752 
44.00000669979323 44.0 0.0 18.693941286695818 3.5565108630581252 0.21780302898399903 0.11797909332817097 0.21988402726157524 0.11735535506326808 
45.00000669979326 45.0 0.0 19.084946908182385 3.5604114246536938 0.21780302898399903 0.11797909332817097 0.21963045672373646 0.11767666619820846 
46.00000669979329 46.0 0.0 19.434103685196746 3.6032362137032625 0.21780302898399903 0.11797909332817097 0.21902124931928238 0.11790313554326637 
47.00000669979332 47.0 0.0 19.722673329169275 3.6782185700206167 0.21780302898399903 0.11797909332817097 0.21857259584418245 0.11803490934440543 
48.000006699793346 48.0 0.0 19.96752029981262 3.782386073597444 0.21780302898399903 0.11797909332817097 0.2184557894971439 0.11792708489199225 
49.000006699793374 49.0 0.0 20.216739537788875 3.8905166254293273 0.21780302898399903 0.11797909332817097 0.21995405330913853 0.11696693973455669 
50.0000066997934 50.0 0.0 20.49594003747658 3.991414505711266 0.21780302898399903 0.11797909332817097 0.22031658809708615 0.11636394959447631 
51.00000669979343 51.0 0.0 20.817613991255467 4.1161832507074 0.21780302898399903 0.11797909332817097 0.22026181045858462 0.11671461313772226 
52.00000669979346 52.0 0.0 21.184259837601495 4.215791988753969 0.21780302898399903 0.11797909332817097 0.22056215103338742 0.11644324343438847 
53.00000669979349 53.0 0.0 21.60399750156152 4.29686909388613 0.21780302898399903 0.11797909332817097 0.2210924117254296 0.11656599549823803 
54.000006699793516 54.0 0.0 22.038725796377264 4.369896952491028 0.21780302898399903 0.11797909332817097 0.21985829579607175 0.11712179068676158 
55.000006699793545 55.0 0.0 22.44284821986259 4.406743455497885 0.21780302898399903 0.11797909332817097 0.22000857670747417 0.1170991167858787 
56.00000669979357 56.0 0.0 22.83260462211118 4.434744781180038 0.21780302898399903 0.11797909332817097 0.21991354931550594 0.11755585011356966 
57.0000066997936 57.0 0.0 23.211742660836972 4.442213640037485 0.21780302898399903 0.11797909332817097 0.21966436497737796 0.11764282434435565 
58.00000669979363 58.0 0.0 23.548407245471573 4.488492121419784 0.21780302898399903 0.11797909332817097 0.21882704977024992 0.11791501890730673 
59.00000669979366 59.0 0.0 23.832604622111184 4.572549756339854 0.21780302898399903 0.11797909332817097 0.21851552909316574 0.11802737667525671 
60.00000669979369 60.0 0.0 24.068082448469703 4.681050831084624 0.21780302898399903 0.11797909332817097 0.21873527635562773 0.11782610693903836 
61.000006699793715 61.0 0.0 24.325421611492814 4.788231363223522 0.21780302898399903 0.11797909332817097 0.21989506565632735 0.11687811215790815 
62.000006699793744 62.0 0.0 24.618363522798248 4.901646414243739 0.21780302898399903 0.11797909332817097 0.2204782829975592 0.11631354369636408 
63.00000669979377 63.0 0.0 24.96189881324172 5.035665039719668 0.21780302898399903 0.11797909332817097 0.22058898297537566 0.11658847936066193 
64.0000066997938 64.0 0.0 25.331667707682698 5.1377818929488415 0.21780302898399903 0.11797909332817097 0.22084279085929193 0.11654197413399427 
65.00000669979383 65.0 0.0 25.75765146783261 5.208524789318897 0.21780302898399903 0.11797909332817097 0.22076412385240365 0.11663911903503085 
66.00000669979386 66.0 0.0 26.175515302935676 5.271366058710172 0.21780302898399903 0.11797909332817097 0.21985772791051653 0.11719989527311522 
67.00000669979389 67.0 0.0 26.587133041848833 5.316842045605047 0.21780302898399903 0.11797909332817097 0.22013294584532517 0.11710962460789558 
68.00000669979391 68.0 0.0 26.979387882573384 5.333990052022791 0.21780302898399903 0.11797909332817097 0.21985520466387537 0.11769851792547478 
69.00000669979394 69.0 0.0 27.353529044347283 5.341108414979255 0.21780302898399903 0.11797909332817097 0.21937934514114693 0.11774515457892495 
70.00000669979397 70.0 0.0 27.68644597126795 5.390535448680881 0.21780302898399903 0.11797909332817097 0.21875713224754154 0.1179297472400063 
71.000006699794 71.0 0.0 27.95190505933791 5.488129046494862 0.21780302898399903 0.11797909332817097 0.21856338897593214 0.11791530471941508 
72.00000669979403 72.0 0.0 28.197376639600257 5.600090902269262 0.21780302898399903 0.11797909332817097 0.21891531876221945 0.11774397963361925 
73.00000669979406 73.0 0.0 28.45908806995628 5.717493455865415 0.21780302898399903 0.11797909332817097 0.21980419967850684 0.11692088176243123 
74.00000669979408 74.0 0.0 28.753279200499687 5.849762029572064 0.21780302898399903 0.11797909332817097 0.2200115992372295 0.11666490695846252 
75.00000669979411 75.0 0.0 29.093691442848222 5.980381796109083 0.21780302898399903 0.11797909332817097 0.22079587149697774 0.11655791070792113 
76.00000669979414 76.0 0.0 29.464084946908187 6.083491230599395 0.21780302898399903 0.11797909332817097 0.2208233109427435 0.11653339297310879 
77.00000669979417 77.0 0.0 29.888819487820108 6.1592516727293845 0.21780302898399903 0.11797909332817097 0.22070119025880508 0.11673698628771367 
78.0000066997942 78.0 0.0 30.309806371018112 6.219743565854153 0.21780302898399903 0.11797909332817097 0.2199334787914726 0.11726834024572191 
79.00000669979423 79.0 0.0 30.72017489069331 6.24983191529133 0.21780302898399903 0.11797909332817097 0.21999049225581194 0.11709657911841573 
80.00000669979426 80.0 0.0 31.109931292941912 6.255230416041952 0.21780302898399903 0.11797909332817097 0.21986264767326433 0.11763601232125757 
81.00000669979428 81.0 0.0 31.471580262336044 6.289026002785323 0.21780302898399903 0.11797909332817097 0.21922916076707213 0.11776569642810704 
82.00000669979431 82.0 0.0 31.789506558400998 6.34803432716485 0.21780302898399903 0.11797909332817097 0.21872336900733144 0.11800261227540791 
83.00000669979434 83.0 0.0 32.05371642723298 6.452004552233058 0.21780302898399903 0.11797909332817097 0.21875049764825277 0.11784455848368236 
84.00000669979437 84.0 0.0 32.3004372267333 6.56432068524333 0.21780302898399903 0.11797909332817097 0.21922444124141843 0.11749774499441233 
85.0000066997944 85.0 0.0 32.58276077451593 6.667424736985103 0.21780302898399903 0.11797909332817097 0.21997176028450605 0.11675189775995247 
86.00000669979443 86.0 0.0 32.88569643972518 6.796510246464255 0.21780302898399903 0.11797909332817097 0.22003388716641947 0.11660685977353805 
87.00000669979445 87.0 0.0 33.22860712054965 6.93525097751872 0.21780302898399903 0.11797909332817097 0.22108330456189004 0.11637400130132103 
88.00000669979448 88.0 0.0 33.60462211118052 7.033612416300451 0.21780302898399903 0.11797909332817097 0.22053321677297377 0.1165046842180564 
89.00000669979451 89.0 0.0 34.03372891942536 7.1020322196516 0.21780302898399903 0.11797909332817097 0.2205091062748398 0.11689100855664229 
90.00000669979454 90.0 0.0 34.46408494690818 7.150445129695027 0.21780302898399903 0.11797909332817097 0.21980548222807372 0.11732057772844312 
91.00000669979457 91.0 0.0 34.875078076202364 7.181095651745999 0.21780302898399903 0.11797909332817097 0.22016717404841488 0.11700981329812901 
92.0000066997946 92.0 0.0 35.26233603997501 7.188698546295173 0.21780302898399903 0.11797909332817097 0.21976519310271508 0.1176208551114494 
93.00000669979462 93.0 0.0 35.62211118051217 7.2355190408242995 0.21780302898399903 0.11797909332817097 0.21918047252672593 0.1177734000937895 
94.00000669979465 94.0 0.0 35.92379762648344 7.303539523342062 0.21780302898399903 0.11797909332817097 0.21857554533104304 0.11810701158796744 
95.00000669979468 95.0 0.0 36.18863210493441 7.398945579621036 0.21780302898399903 0.11797909332817097 0.21861737901375783 0.1177209368192616 
96.00000669979471 96.0 0.0 36.442223610243595 7.495453025165783 0.21780302898399903 0.11797909332817097 0.21965017227681494 0.11718351676839518 
97.00000669979474 97.0 0.0 36.72954403497814 7.6110073482073055 0.21780302898399903 0.11797909332817097 0.21979403386695925 0.1167585342842527 
98.00000669979477 98.0 0.0 37.039975015615234 7.7493322937770275 0.21780302898399903 0.11797909332817097 0.2203772320370225 0.11647157446939735 
99.0000066997948 99.0 0.0 37.39225484072455 7.875264438418262 0.21780302898399903 0.11797909332817097 0.22077615778806653 0.116770268394841 
100.00000669979482 100.0 0.0 37.78763272954403 7.9649935313864715 0.21780302898399903 0.11797909332817097 0.22067409460800685 0.11647116596659401 
101.00000669979485 101.0 0.0 38.22298563397877 8.035211343232907 0.21780302898399903 0.11797909332817097 0.22000450097828497 0.11712028807573766 
102.00000669979488 102.0 0.0 38.63522798251093 8.090541280632378 0.21780302898399903 0.11797909332817097 0.2197001355212785 0.11732280361810596 
103.00000669979491 103.0 0.0 39.02560899437852 8.128651103935947 0.21780302898399903 0.11797909332817097 0.22004054822442987 0.11724423634724128 
104.00000669979494 104.0 0.0 39.40849469081824 8.138214042105801 0.21780302898399903 0.11797909332817097 0.21969520093619957 0.11777045165422523 
105.00000669979497 105.0 0.0 39.76702061211742 8.18146146358948 0.21780302898399903 0.11797909332817097 0.2191265976724761 0.11785382776082859 
106.000006699795 106.0 0.0 40.059962523422854 8.249630431031115 0.21780302898399903 0.11797909332817097 0.218598309373571 0.11800391179650283 
107.00000669979502 107.0 0.0 40.31043098063711 8.356835368525534 0.21780302898399903 0.11797909332817097 0.21845430581783615 0.11792223492916831 
108.00000669979505 108.0 0.0 40.565896314803254 8.461283071245319 0.21780302898399903 0.11797909332817097 0.219849782286587 0.11709009852509705 
109.00000669979508 109.0 0.0 40.846970643347916 8.593802556480034 0.21780302898399903 0.11797909332817097 0.2203661979533797 0.11638811287128971 
110.00000669979511 110.0 0.0 41.16489693941287 8.727344499044184 0.21780302898399903 0.11797909332817097 0.2200133508617655 0.11671809013038179 
111.00000669979514 111.0 0.0 41.51967520299812 8.852105336836035 0.21780302898399903 0.11797909332817097 0.2209145216455205 0.11647472101568881 
112.00000669979516 112.0 0.0 41.931292941911316 8.930790916249048 0.21780302898399903 0.11797909332817097 0.22070428797389066 0.1166514468296747 
113.0000066997952 113.0 0.0 42.36477201748906 9.01710087631365 0.21780302898399903 0.11797909332817097 0.21972051434925072 0.11723844400147168 
114.00000669979522 114.0 0.0 42.765771392879444 9.068460600907203 0.21780302898399903 0.11797909332817097 0.2199813820783814 0.11714414074782414 
115.00000669979525 115.0 0.0 43.16489693941287 9.093832635638103 0.21780302898399903 0.11797909332817097 0.21979651466706843 0.11742161853622285 
116.00000669979528 116.0 0.0 43.53903810118677 9.103152274029712 0.21780302898399903 0.11797909332817097 0.21962369167557985 0.11766343837137377 
117.0000066997953 117.0 0.0 43.888819487820115 9.154719065488583 0.21780302898399903 0.11797909332817097 0.2190675475384746 0.11785537168734876 
118.00000669979534 118.0 0.0 44.185509056839486 9.221235810959607 0.21780302898399903 0.11797909332817097 0.21860603669556383 0.11803142410157057 
119.00000669979536 119.0 0.0 44.442223610243595 9.326806315801097 0.21780302898399903 0.11797909332817097 0.21858610388399966 0.11785958869667972 
120.00000669979539 120.0 0.0 44.701436602123664 9.435149929115314 0.21780302898399903 0.11797909332817097 0.21989383726441913 0.11691585315728593 
121.00000669979542 121.0 0.0 44.98313554028732 9.573287858005848 0.21780302898399903 0.11797909332817097 0.22022059031184757 0.11646962464845292 
122.00000669979545 122.0 0.0 45.30668332292318 9.714821745934268 0.21780302898399903 0.11797909332817097 0.22050574286886426 0.11671267203949515 
123.00000669979548 123.0 0.0 45.675202998126174 9.831616905392051 0.21780302898399903 0.11797909332817097 0.22055235255043398 0.11653096243338446 
124.0000066997955 124.0 0.0 46.09431605246721 9.910687358732918 0.21780302898399903 0.11797909332817097 0.22056488799829949 0.11664948269444382 
125.00000669979553 125.0 0.0 46.51467832604621 9.98066584262223 0.21780302898399903 0.11797909332817097 0.21983490750800397 0.11717598442449986 
126.00000669979556 126.0 0.0 46.91193004372266 10.026919458891781 0.21780302898399903 0.11797909332817097 0.21999993269037652 0.1170438837636256 
127.00000669979559 127.0 0.0 47.314178638351024 10.054009403743803 0.21780302898399903 0.11797909332817097 0.21978597762812965 0.11767528408837306 
128.00000669979562 128.0 0.0 47.67457838850717 10.065642532285672 0.21780302898399903 0.11797909332817097 0.21953139512129152 0.11757946882634146 
129.00000669979565 129.0 0.0 48.02248594628358 10.108078158888972 0.21780302898399903 0.11797909332817097 0.21890269848329885 0.11786150605599474 
130.00000669979568 130.0 0.0 48.311680199875084 10.181216515606742 0.21780302898399903 0.11797909332817097 0.21861233047592113 0.1179714353522585 
131.0000066997957 131.0 0.0 48.56214865708931 10.297635232439903 0.21780302898399903 0.11797909332817097 0.2188273877943461 0.11775211673402677 
132.00000669979573 132.0 0.0 48.83010618363523 10.412846299221824 0.21780302898399903 0.11797909332817097 0.2198154026668016 0.116880636528869 
133.00000669979576 133.0 0.0 49.126171143035606 10.558483361410921 0.21780302898399903 0.11797909332817097 0.22024269889136708 0.11649730532035357 
134.0000066997958 134.0 0.0 49.456589631480334 10.701496185679714 0.21780302898399903 0.11797909332817097 0.2206815765903812 0.11648687418157573 
135.00000669979582 135.0 0.0 49.8313554028732 10.804179340617953 0.21780302898399903 0.11797909332817097 0.22079999185413587 0.11658529627484458 
136.00000669979585 136.0 0.0 50.25296689569021 10.877802753981525 0.21780302898399903 0.11797909332817097 0.22052048295715415 0.1167951028272341 
137.00000669979588 137.0 0.0 50.676452217364144 10.941103756265694 0.21780302898399903 0.11797909332817097 0.2199828552082621 0.1170908449580665 
138.0000066997959 138.0 0.0 51.0849469081824 10.976920310943568 0.21780302898399903 0.11797909332817097 0.21994276283120628 0.11706645746559194 
139.00000669979593 139.0 0.0 51.47970018738289 10.989585702384597 0.21780302898399903 0.11797909332817097 0.21994676783837294 0.11756144312159926 
140.00000669979596 140.0 0.0 51.84884447220488 11.009638401256451 0.21780302898399903 0.11797909332817097 0.2192494597507977 0.11775161064596863 
141.000006699796 141.0 0.0 52.176139912554646 11.069279802246088 0.21780302898399903 0.11797909332817097 0.2187870512759722 0.1179772455046561 
142.00000669979602 142.0 0.0 52.44347282948158 11.158436670605665 0.21780302898399903 0.11797909332817097 0.21863498807980342 0.11784358776856219 
143.00000669979605 143.0 0.0 52.69519050593379 11.285201952305076 0.21780302898399903 0.11797909332817097 0.2192074425197901 0.11750564528529678 
144.00000669979607 144.0 0.0 52.963772642098704 11.404930370601843 0.21780302898399903 0.11797909332817097 0.2200609313153198 0.1167529342631361 
145.0000066997961 145.0 0.0 53.26733291692691 11.5491769596245 0.21780302898399903 0.11797909332817097 0.22016128668170093 0.11647054618062656 
146.00000669979613 146.0 0.0 53.60149906308558 11.67898102367692 0.21780302898399903 0.11797909332817097 0.22090950836606127 0.11646932369738504 
147.00000669979616 147.0 0.0 53.97314178638351 11.780859611484606 0.21780302898399903 0.11797909332817097 0.220545355186782 0.11673485356550453 
148.0000066997962 148.0 0.0 54.40099937539039 11.853337040708206 0.21780302898399903 0.11797909332817097 0.22054384834303237 0.11678641539696406 
149.00000669979622 149.0 0.0 54.820737039350384 11.91106501142679 0.21780302898399903 0.11797909332817097 0.2198499411401439 0.11729216107823592 
150.00000669979624 150.0 0.0 55.238600874453454 11.941546551482523 0.21780302898399903 0.11797909332817097 0.2200984020741918 0.11704554797263471 
151.00000669979627 151.0 0.0 55.62773266708307 11.954918670509159 0.21780302898399903 0.11797909332817097 0.21990627282981032 0.11759828838697328 
152.0000066997963 152.0 0.0 56.00437226733291 11.977712881486672 0.21780302898399903 0.11797909332817097 0.21922410271316053 0.11779840707944775 
153.00000669979633 153.0 0.0 56.329793878825726 12.046105927642632 0.21780302898399903 0.11797909332817097 0.21858316547209344 0.11800919982976035 
154.00000669979636 154.0 0.0 56.59462835727671 12.151335158221126 0.21780302898399903 0.11797909332817097 0.2185892328015335 0.11780577014721673 
155.0000066997964 155.0 0.0 56.843847595252974 12.27224923095838 0.21780302898399903 0.11797909332817097 0.2193356364776115 0.11747961079254945 
156.00000669979642 156.0 0.0 57.107432854465955 12.38359604348207 0.21780302898399903 0.11797909332817097 0.2198266067998059 0.11687042862630194 
157.00000669979644 157.0 0.0 57.4109931292942 12.530900968229586 0.21780302898399903 0.11797909332817097 0.2201079174428755 0.11663054698791102 
158.00000669979647 158.0 0.0 57.7476577139288 12.658298999974956 0.21780302898399903 0.11797909332817097 0.2209066542537073 0.11660952135769558 
159.0000066997965 159.0 0.0 58.137414116177375 12.751562867312646 0.21780302898399903 0.11797909332817097 0.22081131177902966 0.11638948119615766 
160.00000669979653 160.0 0.0 58.57276702061213 12.825506146008884 0.21780302898399903 0.11797909332817097 0.22024078272030412 0.11702201475412417 
161.00000669979656 161.0 0.0 58.992504684572125 12.876041464096566 0.21780302898399903 0.11797909332817097 0.2197327819519371 0.11735077436969667 
162.0000066997966 162.0 0.0 59.405371642723296 12.90280768388879 0.21780302898399903 0.11797909332817097 0.21998147013493743 0.11713808910374393 
163.00000669979661 163.0 0.0 59.799500312304815 12.90970176844358 0.21780302898399903 0.11797909332817097 0.21983920316471645 0.11768356895199626 
164.00000669979664 164.0 0.0 60.16739537788882 12.948627775722162 0.21780302898399903 0.11797909332817097 0.2192294913461927 0.11776562409457672 
165.00000669979667 165.0 0.0 60.48094940662085 13.014743297432439 0.21780302898399903 0.11797909332817097 0.21858638714441825 0.11810396208141395 
166.0000066997967 166.0 0.0 60.73516552154903 13.122969132906286 0.21780302898399903 0.11797909332817097 0.21851108168603428 0.11785274510859965 
167.00000669979673 167.0 0.0 60.99000624609619 13.239142723849655 0.21780302898399903 0.11797909332817097 0.21986243873588707 0.11707838016207212 
168.00000669979676 168.0 0.0 61.26233603997501 13.365389511327525 0.21780302898399903 0.11797909332817097 0.21992328201693223 0.11665167811332575 
169.00000669979678 169.0 0.0 61.56901936289819 13.506309251614626 0.21780302898399903 0.11797909332817097 0.21993613296671882 0.11672490795482154 
170.0000066997968 170.0 0.0 61.911305434103696 13.634226357123298 0.21780302898399903 0.11797909332817097 0.22079635040880483 0.11674462188495884 
171.00000669979684 171.0 0.0 62.317301686445994 13.715110525057847 0.21780302898399903 0.11797909332817097 0.2207270097763673 0.11665521130461608 
172.00000669979687 172.0 0.0 62.7576514678326 13.787266969234656 0.21780302898399903 0.11797909332817097 0.21998888232521208 0.11719797685728604 
173.0000066997969 173.0 0.0 63.17301686445971 13.843298792388364 0.21780302898399903 0.11797909332817097 0.21982419536243847 0.11721597864829215 
174.00000669979693 174.0 0.0 63.574640849469084 13.865679987348452 0.21780302898399903 0.11797909332817097 0.2198269767648461 0.11737545506603499 
175.00000669979696 175.0 0.0 63.96127420362275 13.87618461160667 0.21780302898399903 0.11797909332817097 0.21963766420548303 0.11769188745736155 
176.00000669979698 176.0 0.0 64.30730793254217 13.925848369515673 0.21780302898399903 0.11797909332817097 0.219036465895565 0.11790915606333988 
177.000006699797 177.0 0.0 64.60399750156152 14.008321955537456 0.21780302898399903 0.11797909332817097 0.21861193411017457 0.11801783508122678 
178.00000669979704 178.0 0.0 64.85821361648968 14.118711310060801 0.21780302898399903 0.11797909332817097 0.2184557894971439 0.11792708489199225 
179.00000669979707 179.0 0.0 65.11242973141786 14.237796587085256 0.21780302898399903 0.11797909332817097 0.21995405330913853 0.11696693973455669 
180.0000066997971 180.0 0.0 65.38538413491567 14.361172001023204 0.21780302898399903 0.11797909332817097 0.220304958641237 0.1163740922362714 
181.00000669979713 181.0 0.0 65.69581511555278 14.509196694710432 0.21780302898399903 0.11797909332817097 0.22023946739758793 0.11673154612178369 
182.00000669979715 182.0 0.0 66.05933791380387 14.622015996823682 0.21780302898399903 0.11797909332817097 0.22053157485135302 0.1164875385046281 
183.00000669979718 183.0 0.0 66.48032479700187 14.708365609218488 0.21780302898399903 0.11797909332817097 0.22083883512606917 0.11668769052199224 
184.0000066997972 184.0 0.0 66.91380387257965 14.782466491895356 0.21780302898399903 0.11797909332817097 0.21980328022500506 0.1171675434342959 
185.00000669979724 185.0 0.0 67.33104309806372 14.809510186828101 0.21780302898399903 0.11797909332817097 0.22002503042195104 0.11708965137582146 
186.00000669979727 186.0 0.0 67.74328544659586 14.834029508164466 0.21780302898399903 0.11797909332817097 0.2198665915941639 0.11752912188928914 
187.0000066997973 187.0 0.0 68.12367270455962 14.849821396326995 0.21780302898399903 0.11797909332817097 0.21952693493038172 0.1176007651562009 
188.00000669979732 188.0 0.0 68.46408494690817 14.908935761910648 0.21780302898399903 0.11797909332817097 0.21882704977024992 0.11791501890730673 
189.00000669979735 189.0 0.0 68.75140537164273 14.997730231144876 0.21780302898399903 0.11797909332817097 0.21851552909316574 0.11802737667525671 
190.00000669979738 190.0 0.0 68.98688319800127 15.107132515536275 0.21780302898399903 0.11797909332817097 0.21873527635562773 0.11782610693903836 
191.0000066997974 191.0 0.0 69.23985009369146 15.224074223988634 0.21780302898399903 0.11797909332817097 0.21986992990857968 0.11690038648839116 
192.00000669979744 192.0 0.0 69.5202998126171 15.35678983088774 0.21780302898399903 0.11797909332817097 0.22042742471087545 0.11635625688239891 
193.00000669979747 193.0 0.0 69.85134291068081 15.506664285331095 0.21780302898399903 0.11797909332817097 0.22057826937022812 0.11659566489675935 
194.0000066997975 194.0 0.0 70.22048719550283 15.614479818824954 0.21780302898399903 0.11797909332817097 0.22098767861633617 0.11656254932561833 
195.00000669979752 195.0 0.0 70.64459712679573 15.687749515249651 0.21780302898399903 0.11797909332817097 0.2204495221810002 0.11680844946502672 
196.00000669979755 196.0 0.0 71.06933166770767 15.743397508655839 0.21780302898399903 0.11797909332817097 0.21986036563925468 0.11716258557434148 
197.00000669979758 197.0 0.0 71.49906308557154 15.776134043917203 0.21780302898399903 0.11797909332817097 0.21999007092588418 0.11705944761927567 
198.0000066997976 198.0 0.0 71.90381011867584 15.79547377332892 0.21780302898399903 0.11797909332817097 0.21979996411693745 0.11769362398734369 
199.00000669979764 199.0 0.0 72.2804497189257 15.81476916675124 0.21780302898399903 0.11797909332817097 0.21931330021160464 0.11773541328253828 
200.00000669979767 200.0 0.0 72.61961274203622 15.877171980549203 0.21780302898399903 0.11797909332817097 0.21875713224754154 0.1179297472400063 
201.0000066997977 201.0 0.0 72.88632104934418 15.976844776718647 0.21780302898399903 0.11797909332817097 0.21856338897593214 0.11791530471941508 
202.00000669979772 202.0 0.0 73.12991880074952 16.08708676410687 0.21780302898399903 0.11797909332817097 0.21891531876221945 0.11774397963361925 
203.00000669979775 203.0 0.0 73.38788257339165 16.209606043214073 0.21780302898399903 0.11797909332817097 0.21980419967850684 0.11692088176243123 
204.00000669979778 204.0 0.0 73.67645221736413 16.350619297304032 0.21780302898399903 0.11797909332817097 0.2200115992372295 0.11666490695846252 
205.0000066997978 205.0 0.0 74.0156152404747 16.485194297061526 0.21780302898399903 0.11797909332817097 0.22082307233993503 0.11654561251177478 
206.00000669979784 206.0 0.0 74.38538413491565 16.589891839399435 0.21780302898399903 0.11797909332817097 0.2208413969239839 0.11659671481400688 
207.00000669979786 207.0 0.0 74.81074328544658 16.66522680642786 0.21780302898399903 0.11797909332817097 0.2203951760578999 0.11690352303765734 
208.0000066997979 208.0 0.0 75.23485321673951 16.722583816326654 0.21780302898399903 0.11797909332817097 0.21985696651209133 0.11729095759069615 
209.00000669979792 209.0 0.0 75.65084322298566 16.751227965466594 0.21780302898399903 0.11797909332817097 0.21996299866615135 0.11710911367799473 
210.00000669979795 210.0 0.0 76.04996876951904 16.769130912528663 0.21780302898399903 0.11797909332817097 0.21988487138256102 0.11762497157558446 
211.00000669979798 211.0 0.0 76.41973766396002 16.812122417503858 0.21780302898399903 0.11797909332817097 0.2192433037720026 0.11776012052889219 
212.000006699798 212.0 0.0 76.74578388507182 16.880416427794838 0.21780302898399903 0.11797909332817097 0.21872336900733144 0.11800261227540791 
213.00000669979804 213.0 0.0 77.01061836352281 16.981659582616967 0.21780302898399903 0.11797909332817097 0.21866581837466104 0.11787428533417535 
214.00000669979806 214.0 0.0 77.24734540911928 17.098173353058616 0.21780302898399903 0.11797909332817097 0.21920200841618934 0.11751464604181305 
215.0000066997981 215.0 0.0 77.51405371642723 17.21521735615366 0.21780302898399903 0.11797909332817097 0.21996104667935804 0.11675901656835787 
216.00000669979812 216.0 0.0 77.80886945658965 17.34966703667744 0.21780302898399903 0.11797909332817097 0.22001245995612412 0.11661763453552579 
217.00000669979815 217.0 0.0 78.1467832604622 17.487576052975992 0.21780302898399903 0.11797909332817097 0.22111050540484717 0.11636161643519995 
218.00000669979818 218.0 0.0 78.53029356652095 17.5784097112415 0.21780302898399903 0.11797909332817097 0.22044550722200307 0.11664793206239156 
219.0000066997982 219.0 0.0 78.97126795752652 17.63888953289799 0.21780302898399903 0.11797909332817097 0.22037366296562053 0.11695502499889943 
220.00000669979823 220.0 0.0 79.40537164272331 17.68035480773567 0.21780302898399903 0.11797909332817097 0.2198215127823442 0.11728329487311612 
221.00000669979826 221.0 0.0 79.82760774515926 17.70283204281259 0.21780302898399903 0.11797909332817097 0.22015823435907028 0.11699194689157749 
222.0000066997983 222.0 0.0 80.2311055590256 17.71077516201574 0.21780302898399903 0.11797909332817097 0.21985289735057253 0.11758475001965994 
223.00000669979832 223.0 0.0 80.60899437851342 17.758575929690792 0.21780302898399903 0.11797909332817097 0.2192823398193542 0.11775403336964921 
224.00000669979835 224.0 0.0 80.92379762648346 17.825731108962096 0.21780302898399903 0.11797909332817097 0.21861866735666427 0.11810147664028411 
225.00000669979838 225.0 0.0 81.19300437226734 17.92420433465896 0.21780302898399903 0.11797909332817097 0.2185583377415543 0.1177708795988597 
226.0000066997984 226.0 0.0 81.4322298563398 18.033595331689437 0.21780302898399903 0.11797909332817097 0.21963321951458722 0.11719702054206316 
227.00000669979843 227.0 0.0 81.70643347907556 18.157264794965062 0.21780302898399903 0.11797909332817097 0.2197833202618117 0.11676563637091725 
228.00000669979846 228.0 0.0 82.00562148657089 18.296395639008754 0.21780302898399903 0.11797909332817097 0.22035580482672704 0.11648242494401417 
229.0000066997985 229.0 0.0 82.34603372891941 18.42634488501077 0.21780302898399903 0.11797909332817097 0.22072504409295107 0.11679161425821595 
230.00000669979852 230.0 0.0 82.7320424734541 18.521306079437206 0.21780302898399903 0.11797909332817097 0.2209335719972493 0.11631571288010036 
231.00000669979855 231.0 0.0 83.17051842598374 18.58309797352339 0.21780302898399903 0.11797909332817097 0.22012578491335222 0.11704464315818912 
232.00000669979858 232.0 0.0 83.58400999375392 18.630736543676953 0.21780302898399903 0.11797909332817097 0.2197327753880932 0.11730889811770509 
233.0000066997986 233.0 0.0 83.97501561524047 18.67161951707407 0.21780302898399903 0.11797909332817097 0.21995985513004565 0.117208969959546 
234.00000669979863 234.0 0.0 84.36289818863209 18.688602077075046 0.21780302898399903 0.11797909332817097 0.21965135924039964 0.11772630419019796 
235.00000669979866 235.0 0.0 84.73266708307307 18.736554871286245 0.21780302898399903 0.11797909332817097 0.21915563103921143 0.11783738246747597 
236.0000066997987 236.0 0.0 85.03310430980636 18.80626965721108 0.21780302898399903 0.11797909332817097 0.21862960323319353 0.11799859741183759 
237.00000669979872 237.0 0.0 85.2885696439725 18.9145889597238 0.21780302898399903 0.11797909332817097 0.21845430581783615 0.11792223492916831 
238.00000669979875 238.0 0.0 85.53903810118678 19.021727874306542 0.21780302898399903 0.11797909332817097 0.219849782286587 0.11709009852509705 
239.00000669979877 239.0 0.0 85.81574016239853 19.155753759443694 0.21780302898399903 0.11797909332817097 0.22034100269231807 0.11640024490066042 
240.0000066997988 240.0 0.0 86.1211742660837 19.29155404886389 0.21780302898399903 0.11797909332817097 0.21999920785683444 0.11672380916965829 
241.00000669979883 241.0 0.0 86.47345409119299 19.410710989664853 0.21780302898399903 0.11797909332817097 0.2209992009191118 0.11644300056985744 
242.00000669979886 242.0 0.0 86.89381636477205 19.482683798408207 0.21780302898399903 0.11797909332817097 0.22071500157903806 0.1166442531480043 
243.0000066997989 243.0 0.0 87.33479075577766 19.559725077229842 0.21780302898399903 0.11797909332817097 0.2197312279543983 0.1172323195469742 
244.00000669979892 244.0 0.0 87.74391005621487 19.606233114800627 0.21780302898399903 0.11797909332817097 0.21999209568352887 0.1171395745859473 
245.00000669979894 245.0 0.0 88.13991255465332 19.63842947494397 0.21780302898399903 0.11797909332817097 0.21975547540871745 0.11742728393373449 
246.00000669979897 246.0 0.0 88.50655840099935 19.653437694471922 0.21780302898399903 0.11797909332817097 0.21963948865914848 0.11768357848198581 
247.000006699799 247.0 0.0 88.85009369144282 19.71011831658337 0.21780302898399903 0.11797909332817097 0.21898286826488292 0.11788532369663297 
248.00000669979903 248.0 0.0 89.13429106808243 19.787466478499148 0.21780302898399903 0.11797909332817097 0.21858360387033476 0.11804813115226587 
249.00000669979906 249.0 0.0 89.37726420986883 19.899625191464743 0.21780302898399903 0.11797909332817097 0.2185646766737042 0.11787250095577333 
250.0000066997991 250.0 0.0 89.6258588382261 20.0096365759741 0.21780302898399903 0.11797909332817097 0.21988312365927154 0.11692041904708365 
#####################################################################
# End of data export. Simulation finished at: 2020-02-27T14:16+0000 #
#####################################################################
