#####################################################################
# Alchemist log file - simulation started at: 2020-02-27T13:43+0000 #
#####################################################################
# seed = 32.0, reactivity = 0.9, speed = 2
#
# The columns have the following meaning: 
# time classicrc[Mean] classicrc[StandardDeviation] reactiverc[Mean] reactiverc[StandardDeviation] errorclassic[Mean] errorclassic[StandardDeviation] errorreactive[Mean] errorreactive[StandardDeviation] 
0.0 NaN NaN NaN NaN NaN NaN NaN NaN 
1.0000081886358831 1.0 0.0 NaN NaN NaN NaN NaN NaN 
2.0000081886358836 2.0 0.0 1.0 0.0 NaN NaN NaN NaN 
3.000008188635884 3.0 0.0 1.6970643347907555 0.4596712156350981 NaN NaN NaN NaN 
4.000008188635884 4.0 0.0 1.9094316052467213 0.3871914761787594 NaN NaN NaN NaN 
5.0000081886358805 5.0 0.0 2.016239850093691 0.5440460480841498 NaN NaN NaN NaN 
6.000008188635877 6.0 0.0 2.2029981261711447 0.7766215330658144 NaN NaN NaN NaN 
7.000008188635873 7.0 0.0 2.5059337913803885 1.0618950127548767 NaN NaN NaN NaN 
8.00000818863587 8.0 0.0 2.9269206745783913 1.3319275784848577 NaN NaN NaN NaN 
9.000008188635867 9.0 0.0 3.425359150530917 1.566311435045807 NaN NaN NaN NaN 
10.000008188635864 10.0 0.0 4.001249219237976 1.777286819417722 NaN NaN NaN NaN 
11.00000818863586 11.0 0.0 4.651467832604621 1.9518451287489162 0.4293151750383059 0.39362420395877845 NaN NaN 
12.000008188635856 12.0 0.0 5.33791380387258 2.058547520720761 0.3747968655213871 0.3016365209368592 NaN NaN 
13.000008188635853 13.0 0.0 6.066833229231736 2.066979808269814 0.3424028529938503 0.24859986111659166 NaN NaN 
14.00000818863585 14.0 0.0 6.775765146783252 2.0679850833140665 0.32286382746929065 0.21787341525926124 NaN NaN 
15.000008188635846 15.0 0.0 7.492816989381629 2.1136708878420953 0.3117047489410059 0.2029944523663796 0.3924917740880108 0.31158550903953286 
16.000008188635842 16.0 0.0 8.181761399125545 2.186050581650397 0.3051551962248891 0.19596561713835567 0.362625237873585 0.2654009850711827 
17.00000818863584 17.0 0.0 8.8782011242973 2.2890021323764125 0.3005688355993448 0.1918715104668649 0.3462801333705266 0.24044265250039903 
18.000008188635835 18.0 0.0 9.563397876327313 2.4067373033259085 0.29783498279174175 0.18968084465265073 0.33618900329056856 0.22597121617649865 
19.00000818863583 19.0 0.0 10.25983760149906 2.5303047689182145 0.29599623058344304 0.18866995228820035 0.3296989023936755 0.2179238894921797 
20.000008188635828 20.0 0.0 10.96377264209868 2.6664464664185696 0.29479860732310365 0.18831090692478644 0.32571860983501455 0.21428226027187722 
21.000008188635825 21.0 0.0 11.65584009993756 2.853875423773079 0.29398388593395247 0.18811548108282747 0.3232944854159178 0.21233690878491526 
22.00000818863582 22.0 0.0 12.334790755777624 3.0408214509922322 0.2930740365594378 0.18765976757088643 0.32188868426351286 0.21168480205058085 
23.000008188635817 23.0 0.0 13.014366021236691 3.24506062939427 0.29238685840878054 0.18721063884459416 0.32061910421579004 0.21226313702209013 
24.000008188635814 24.0 0.0 13.652717051842647 3.4685110891440654 0.29186671506132306 0.18683288682971613 0.31973071468099634 0.2128007773613702 
25.00000818863581 25.0 0.0 14.276702061211694 3.7370125925399216 0.2914628556316765 0.18662374807318186 0.3187269982534598 0.21295465449015857 
26.000008188635807 26.0 0.0 14.844472204871952 4.02059336253782 0.29122065003805586 0.18666175341663446 0.3178192092376301 0.21303631741141316 
27.000008188635803 27.0 0.0 15.426608369768868 4.305057090464067 0.2910257528215601 0.18678947468179702 0.31772661672841207 0.21221787925490623 
28.0000081886358 28.0 0.0 16.00437226733286 4.579913303909855 0.29081296887394587 0.18689996061418376 0.3168768856823441 0.21205070529425127 
29.000008188635796 29.0 0.0 16.589006870705802 4.859884677189115 0.2905795793682563 0.1868988385744 0.3159751685297899 0.21169880152519824 
30.000008188635793 30.0 0.0 17.20737039350412 5.119518594882521 0.2903064001445983 0.1868116436625097 0.3154173700939318 0.21112126744618426 
31.00000818863579 31.0 0.0 17.855715178013757 5.386538209167903 0.28998471691610805 0.18658422847712058 0.3147154549425194 0.2106628575701034 
32.00000818863579 32.0 0.0 18.5128044971892 5.6252770769429645 0.289790458549604 0.18631156388702666 0.3137881098962207 0.2102379886312492 
33.00000818863582 33.0 0.0 19.186133666458506 5.8675235495583395 0.28965954777004743 0.1860508933345647 0.31261534820120074 0.2093013717138218 
34.000008188635846 34.0 0.0 19.861336664584666 6.099652487003744 0.28953788954798165 0.18579160543450654 0.31190531891531564 0.20838291857778135 
35.000008188635874 35.0 0.0 20.546533416614558 6.3464942714689725 0.2894582727804366 0.18554920229092772 0.31093572580526435 0.2076246997099679 
36.0000081886359 36.0 0.0 21.20299812617108 6.585828801724307 0.2893681437840203 0.18534282285038803 0.3096886279376925 0.20694715564932079 
37.00000818863593 37.0 0.0 21.841349156776953 6.8637500084602 0.2891738845245732 0.18505608864462286 0.30852783308601694 0.20597742254136048 
38.00000818863596 38.0 0.0 22.437851342910623 7.162753756788478 0.288906530323372 0.18475856668748564 0.3076586568413303 0.20570524952842423 
39.00000818863599 39.0 0.0 23.02935665209256 7.462892378183211 0.28860122486335144 0.18447416535828057 0.3069738272574868 0.20474977853464502 
40.000008188636016 40.0 0.0 23.620237351655145 7.759957486586438 0.28837898009885043 0.18401783427505533 0.3064424554719514 0.2041075363049666 
41.000008188636045 41.0 0.0 24.231105559025668 8.067623989718099 0.28822988717027115 0.18351430273451516 0.3054133228188819 0.20313104147202748 
42.00000818863607 42.0 0.0 24.85509056839468 8.34492289553466 0.2880997052489555 0.18296243803033793 0.3046544382849273 0.2013035364624139 
43.0000081886361 43.0 0.0 25.511555277951196 8.613653269205715 0.28799219761412354 0.18244357381326975 0.30356500599423636 0.19974964897296196 
44.00000818863613 44.0 0.0 26.177389131792694 8.853446415329277 0.2879159432597318 0.18204300198692155 0.30294874343230804 0.1977362071705268 
45.00000818863616 45.0 0.0 26.8638351030607 9.10852334535046 0.28783953701981735 0.18167929266820543 0.30201760002078887 0.19629881656183268 
46.00000818863619 46.0 0.0 27.529668956901837 9.350830201262463 0.2875372896471679 0.18140559253457084 0.301552104619068 0.19500921272731617 
47.000008188636215 47.0 0.0 28.20612117426621 9.601822093113762 0.28707176002575696 0.18114041674303408 0.3008510057130026 0.19424250213372612 
48.000008188636244 48.0 0.0 28.870705808869513 9.8441047111468 0.28644077226538506 0.18076105229208278 0.3002275115707073 0.19400680882902005 
49.00000818863627 49.0 0.0 29.50655840099954 10.1190470505129 0.2855158282963097 0.18046487965523234 0.29951827451367463 0.19384961653839108 
50.0000081886363 50.0 0.0 30.119925046845907 10.415402488352422 0.28448745857543195 0.18016918037297697 0.2989327219408211 0.19341541375125515 
51.00000818863633 51.0 0.0 30.72767020612132 10.737995163491695 0.28336682153252146 0.17998769589713323 0.2988722364195892 0.1923657642024353 
52.00000818863636 52.0 0.0 31.324797001873844 11.040694768645277 0.28242510561224576 0.17954312689017066 0.29786238098868645 0.19184220975598398 
53.000008188636386 53.0 0.0 31.951905059337875 11.331959690670422 0.281416630124468 0.1791829588150344 0.2963755128520452 0.19161030852916586 
54.000008188636414 54.0 0.0 32.594628357276676 11.587329119664306 0.2806349214024808 0.1787356931591489 0.2955210814829115 0.19139603694618687 
55.00000818863644 55.0 0.0 33.27295440349767 11.84925416760673 0.27988391498866333 0.17834204217263894 0.29469972031506 0.19104888445848875 
56.00000818863647 56.0 0.0 33.951905059337925 12.075525265220524 0.27901600798550913 0.17822906097830327 0.2939467046731813 0.1908880467298609 
57.0000081886365 57.0 0.0 34.64272329793895 12.313398132888125 0.2780626283703362 0.1781076827329556 0.29271024588730327 0.19088028513301591 
58.00000818863653 58.0 0.0 35.318550905684006 12.549639911121494 0.27709168691368485 0.17793117802670666 0.29195807865019413 0.19073074584128788 
59.000008188636556 59.0 0.0 36.00062460961907 12.788153682593105 0.27603134403141083 0.17765129083144945 0.2910981784891288 0.1907041043466495 
60.000008188636585 60.0 0.0 36.67957526545908 13.02715006513283 0.27466158399012147 0.1772831106097228 0.28992289819670547 0.19088936459967956 
61.00000818863661 61.0 0.0 37.34166146158646 13.303902415750818 0.2733438403441973 0.17685632454491967 0.28874601926683696 0.19078525253335496 
62.00000818863664 62.0 0.0 37.963148032479495 13.601029964076131 0.2718864897368045 0.17622902033431673 0.2873965492328375 0.1907246085587307 
63.00000818863667 63.0 0.0 38.56964397251705 13.926918285667707 0.2699092856446715 0.17555739793892938 0.2864529556411542 0.19011182387338396 
64.0000081886367 64.0 0.0 39.16801998750761 14.243590721429774 0.26827375022660477 0.17455818472598514 0.28531049103800904 0.19002855914411437 
65.00000818863673 65.0 0.0 39.79887570268592 14.553763215579863 0.26675048427304954 0.17304439116134115 0.2841434486726938 0.18981837688697556 
66.00000818863676 66.0 0.0 40.42598376014994 14.828677433346424 0.26550037862381465 0.17157746955356792 0.28323963508057953 0.1894998835354655 
67.00000818863678 67.0 0.0 41.08619612742032 15.09341961200343 0.2645809821866826 0.17056486745335173 0.2825085893438055 0.18889439448867767 
68.00000818863681 68.0 0.0 41.757651467832304 15.331869764674813 0.2638300678460049 0.16995516538779312 0.2816305448489266 0.18859496399063672 
69.00000818863684 69.0 0.0 42.445346658338764 15.562323650258001 0.2626504683329827 0.16995676629261494 0.2803827443249272 0.18862998362544037 
70.00000818863687 70.0 0.0 43.12929419113048 15.803643490158253 0.26188380956566426 0.16964960457885217 0.2794601839224316 0.1884188082631331 
71.0000081886369 71.0 0.0 43.83010618363507 16.053694841101827 0.26131164485198155 0.16923450118914024 0.27904345363482874 0.1876790020885971 
72.00000818863693 72.0 0.0 44.51717676452201 16.294511684133646 0.26085965248145543 0.16885496927560173 0.2782574180580677 0.18725647028958192 
73.00000818863695 73.0 0.0 45.191130543410594 16.558976305423304 0.2605136415964868 0.16839133855720015 0.27727188042430634 0.18644788164332457 
74.00000818863698 74.0 0.0 45.821361648969145 16.847976685488316 0.26027724576223654 0.1679079322454617 0.2766791033289561 0.18619372916723473 
75.00000818863701 75.0 0.0 46.440974391005724 17.174666519323466 0.2601413709007665 0.16739752342051004 0.2761823937178916 0.18588809029705683 
76.00000818863704 76.0 0.0 47.044971892567325 17.473922749767194 0.26002414973778853 0.1669632590808944 0.276429855620069 0.18498766434285321 
77.00000818863707 77.0 0.0 47.668956901936255 17.774886553049082 0.25970671995038763 0.16678317000900608 0.27568457142160224 0.18493626104412672 
78.0000081886371 78.0 0.0 48.29231730168666 18.060751567674522 0.2596361636939686 0.16650328748953905 0.2752607995762507 0.18491090093746373 
79.00000818863712 79.0 0.0 48.93878825733914 18.335212046244852 0.259774058867225 0.1660900177702652 0.27490888789350415 0.1844693257504871 
80.00000818863715 80.0 0.0 49.61274203622706 18.583929550529394 0.25961464702218423 0.1659582850939253 0.2736362101845158 0.18475037525436594 
81.00000818863718 81.0 0.0 50.29981261711399 18.848409912108313 0.25917212049046007 0.16608536753596928 0.2720895627779321 0.18447532569688033 
82.00000818863721 82.0 0.0 50.98625858838245 19.089422753336034 0.25913413665504587 0.16584282082736848 0.27072033126932993 0.18348685329602193 
83.00000818863724 83.0 0.0 51.69206745783858 19.321089340030692 0.25908268642748955 0.16561205985950642 0.26925648263747487 0.18217538194765123 
84.00000818863727 84.0 0.0 52.37351655215458 19.552759349734636 0.25892338503381246 0.16542881970291268 0.26737908809918154 0.1811667645550896 
85.0000081886373 85.0 0.0 53.05996252342304 19.796815457254556 0.25872118064347016 0.16532340651942568 0.26585748191535086 0.17984206003472386 
86.00000818863732 86.0 0.0 53.694565896315076 20.052675051026526 0.2585689989298848 0.165318373393487 0.26453737203819955 0.17853416916883486 
87.00000818863735 87.0 0.0 54.31605246720832 20.350001189367283 0.258198960058093 0.16581631710811973 0.2631476127964938 0.17776848174716872 
88.00000818863738 88.0 0.0 54.932542161149726 20.639384598283765 0.2574292342086506 0.16675336219281472 0.2628824783916446 0.1768260737381207 
89.00000818863741 89.0 0.0 55.549031855090234 20.93314359155376 0.25690757208895354 0.167443358673027 0.26273629763661865 0.17661347789379922 
90.00000818863744 90.0 0.0 56.18613366645825 21.200509017583194 0.2566905991707088 0.16767975416483863 0.2625166413737564 0.17639014902931113 
91.00000818863747 91.0 0.0 56.84072454715846 21.47653348365868 0.2564965802994192 0.16764736846355577 0.26273333223585177 0.17592215497726518 
92.0000081886375 92.0 0.0 57.50780762023753 21.72953278956926 0.2563399179022058 0.16741600809093837 0.26279961641579463 0.17527305267985785 
93.00000818863752 93.0 0.0 58.20924422236132 21.973092965964998 0.25600015425836736 0.16731480121598946 0.2625291032595835 0.17452744757870595 
94.00000818863755 94.0 0.0 58.904434728295016 22.2056915355252 0.2562055472052226 0.16677376399239574 0.2628256534127253 0.17395004384746723 
95.00000818863758 95.0 0.0 59.61648969394144 22.452206526754804 0.2567492181242575 0.1660285645127573 0.2634811212598058 0.17294211688418043 
96.00000818863761 96.0 0.0 60.30231105559043 22.680383614605777 0.2573601438392214 0.16527019872767243 0.2638095712032337 0.17271686086621288 
97.00000818863764 97.0 0.0 60.990006246096115 22.92209414653171 0.2578300056105429 0.16463755539634214 0.2640853926735495 0.17225811016783515 
98.00000818863766 98.0 0.0 61.63397876327292 23.183015220674942 0.2580096575805273 0.16427978268743734 0.2640044701011964 0.17212587650637784 
99.0000081886377 99.0 0.0 62.25046845721416 23.470574158782494 0.25784660929339526 0.16412851563274128 0.26356559199856266 0.17195014811516138 
100.00000818863772 100.0 0.0 62.869456589631426 23.759520676289455 0.25709031647590774 0.16419901468033304 0.2630777616384013 0.1718090706946106 
101.00000818863775 101.0 0.0 63.50031230480954 24.052471934343938 0.2559196888252043 0.16427830111119376 0.2627405694128179 0.17120137231453397 
102.00000818863778 102.0 0.0 64.14241099312964 24.327678813102693 0.25386348368938316 0.16448362748706508 0.2616231935173331 0.17094911452120679 
103.0000081886378 103.0 0.0 64.80449718925713 24.595398548562876 0.2520685469932067 0.16397622749536728 0.26037462130260974 0.17051074082358697 
104.00000818863784 104.0 0.0 65.46783260462213 24.844398178703468 0.24984088908741459 0.16271972732907056 0.25871537098618796 0.17049503386420128 
105.00000818863786 105.0 0.0 66.1623985009369 25.089337580805 0.24740273150406153 0.16083971478114387 0.2569297584156626 0.16965613124015916 
106.00000818863789 106.0 0.0 66.8413491567769 25.325551606601397 0.2444292210803701 0.1590095988263809 0.2552097561218494 0.16939195953373357 
107.00000818863792 107.0 0.0 67.53841349156761 25.57430213576516 0.24194017956634273 0.1561815369504452 0.2533756687445785 0.16839713838845274 
108.00000818863795 108.0 0.0 68.22610868207363 25.815234705705873 0.24043379480410265 0.15409209913223498 0.25137275592814334 0.16756405872970206 
109.00000818863798 109.0 0.0 68.90818238600909 26.065416537180294 0.23944335592874064 0.15302124122101712 0.24987062185447825 0.16608374246279534 
110.000008188638 110.0 0.0 69.5790131168019 26.324492573940528 0.23917491903096688 0.1529191468966808 0.24874623145218006 0.16479813154562709 
111.00000818863803 111.0 0.0 70.23485321673977 26.623881375450928 0.23946552046774483 0.15295526117575212 0.24823792042879939 0.16391187628246948 
112.00000818863806 112.0 0.0 70.86383510306074 26.923692122975897 0.23987226269834486 0.15340149902145223 0.24870944021741712 0.1636861895655419 
113.00000818863809 113.0 0.0 71.50655840099924 27.21424467462744 0.24020889118573613 0.15401984308229744 0.24897177751062105 0.16402105153737656 
114.00000818863812 114.0 0.0 72.15115552779528 27.479872411028733 0.24076950359336466 0.1546866416314216 0.24939509423187003 0.16465592423808476 
115.00000818863815 115.0 0.0 72.81823860087476 27.750474178751148 0.2414320720594952 0.15532116733474868 0.2498438268629563 0.16518640392174988 
116.00000818863818 116.0 0.0 73.47782635852593 27.997382275354386 0.2419852800650971 0.15587690851257072 0.24990407952213542 0.16601245917554888 
117.0000081886382 117.0 0.0 74.1717676452223 28.239597242807413 0.24212861255312837 0.15676902271394832 0.25058162350836044 0.1666793669923793 
118.00000818863823 118.0 0.0 74.86695815115539 28.47383296649518 0.24188988284337742 0.15735934729259285 0.2506164650049254 0.16753453044476427 
119.00000818863826 119.0 0.0 75.55215490318602 28.721680563921975 0.24065243149233392 0.15789751142213473 0.250200611809135 0.16865324395812198 
120.00000818863829 120.0 0.0 76.24609618988175 28.9578253467563 0.2397149482641219 0.15773186434963646 0.24954339174332693 0.16970505539928887 
121.00000818863832 121.0 0.0 76.94815740162373 29.20604279366195 0.23824486473361864 0.15684055127613875 0.24865210514240513 0.17040717461331695 
122.00000818863835 122.0 0.0 77.62523422860717 29.462085174605868 0.23717751645959995 0.15622733249752543 0.247152039394058 0.1699127701822428 
123.00000818863838 123.0 0.0 78.28607120549624 29.75024137914553 0.23719187776085698 0.15526672020658194 0.2459630238776889 0.16913320709881177 
124.0000081886384 124.0 0.0 78.91505309181805 30.039062560485974 0.2376577384744004 0.15486873683192348 0.24557970114261823 0.16801868639670156 
125.00000818863843 125.0 0.0 79.55590256089913 30.330154618802965 0.23817303525297553 0.15446857642556436 0.24531061350453756 0.1660120364477949 
126.00000818863846 126.0 0.0 80.17239225484064 30.594121368917243 0.23887070460270768 0.15416270830507176 0.2444119047101523 0.16532215643232645 
127.00000818863849 127.0 0.0 80.80574640849443 30.855029848602484 0.2395048503042074 0.15373318658806434 0.24449518473320955 0.1650445201775107 
128.0000081886385 128.0 0.0 81.4490943160523 31.09429309763646 0.23970551508315274 0.1533178610105092 0.2446360915576929 0.16495652755044055 
129.00000818863853 129.0 0.0 82.12117426608329 31.318749298467264 0.23919046978585212 0.1530369093706324 0.24546059912613555 0.16406040133244726 
130.00000818863856 130.0 0.0 82.81074328544709 31.54121961037134 0.23873079535940792 0.152651070317751 0.24564378758282956 0.16383224982951253 
131.0000081886386 131.0 0.0 83.50281074328552 31.794302136464946 0.23759938495746677 0.15268167004854946 0.24592489609547571 0.16318205779765485 
132.00000818863862 132.0 0.0 84.21236727045628 32.024207592929294 0.23626881109050982 0.15372592035656854 0.24588370188475242 0.162882278196741 
133.00000818863865 133.0 0.0 84.92254840724581 32.273503024951616 0.23594533086119074 0.1544515393040999 0.24496555155576993 0.16375388368590274 
134.00000818863867 134.0 0.0 85.60149906308548 32.533903051300456 0.23629163703691217 0.15466558053517607 0.24493186851369497 0.1640100729597361 
135.0000081886387 135.0 0.0 86.2798251093063 32.82139773028255 0.2368999482082092 0.1546041712181187 0.24513248479151015 0.16427386834214766 
136.00000818863873 136.0 0.0 86.91880074953112 33.101071018335574 0.2376638941675198 0.15428242852594984 0.2453150944882283 0.1645128376021299 
137.00000818863876 137.0 0.0 87.56839475327953 33.37615878863362 0.23851362590814942 0.15379872806668057 0.2462568173376514 0.16394240309927208 
138.0000081886388 138.0 0.0 88.20299812617176 33.6392351429937 0.23936153464989 0.1531446482822099 0.2460679832132025 0.1639648737133776 
139.00000818863882 139.0 0.0 88.83322923172962 33.90719385511058 0.23975063296049376 0.152472392307719 0.24567044078305592 0.16369195597072525 
140.00000818863884 140.0 0.0 89.49094316052536 34.14699949003414 0.23965881560812624 0.1520434629829139 0.24509064609806042 0.16321909293487338 
141.00000818863887 141.0 0.0 90.16364772017451 34.395522276683295 0.23925565409838187 0.15174265737443188 0.24475424123979522 0.1620348151583505 
142.0000081886389 142.0 0.0 90.84447220487148 34.62071520039541 0.23837226861580577 0.15179565238814996 0.24419470601140017 0.1608585224255772 
143.00000818863893 143.0 0.0 91.54278575890022 34.855911614598384 0.23722887997840816 0.15200636282730795 0.2436660969494946 0.15993488485738536 
144.00000818863896 144.0 0.0 92.23797626483464 35.08212090085119 0.23610414769140992 0.15227690436023303 0.24326359746284668 0.1591144352740635 
145.000008188639 145.0 0.0 92.94503435352964 35.33029120867092 0.23534573407918294 0.15214439254165898 0.2415630665358821 0.15963086408505597 
146.00000818863901 146.0 0.0 93.6196127420356 35.57345696021024 0.2345514311437411 0.151750492966334 0.2405762114320948 0.15948529089435262 
147.00000818863904 147.0 0.0 94.30168644597113 35.843071902448976 0.23340183747692939 0.1513945237560923 0.2397355384519524 0.1589345132974224 
148.00000818863907 148.0 0.0 94.95315427857548 36.11621421338075 0.2328140341865562 0.15028941049142303 0.2384770923424516 0.15845684811559382 
149.0000081886391 149.0 0.0 95.60274828232399 36.38737201890539 0.23222442185813538 0.14884324571673885 0.2375391162091347 0.1566607321508176 
150.00000818863913 150.0 0.0 96.24797001873783 36.64372862358721 0.23165642092266178 0.1473595229366562 0.23652657593227427 0.15538965980133204 
151.00000818863916 151.0 0.0 96.89131792629586 36.91502987706349 0.2310315806215039 0.14627002972727937 0.234807657633965 0.15479353281525154 
152.00000818863919 152.0 0.0 97.53903810118703 37.16247948299698 0.23009823751467773 0.14571388526134285 0.23412740262694637 0.15381709183532524 
153.0000081886392 153.0 0.0 98.21549031855079 37.40045668036779 0.2294658946096559 0.14522679437144986 0.23273250975250667 0.15386119076837312 
154.00000818863924 154.0 0.0 98.90505933791351 37.62422398717487 0.22849003869123824 0.14535751447606016 0.23221293004788457 0.15307596794098513 
155.00000818863927 155.0 0.0 99.60899437851405 37.86141860853329 0.22734953113910722 0.14597994905595385 0.2309874563150944 0.15269709646655144 
156.0000081886393 156.0 0.0 100.28044971892605 38.090312729060464 0.22668267567358602 0.1460283919098356 0.2298409769176609 0.15255010000674019 
157.00000818863933 157.0 0.0 100.965646470956 38.32576736475674 0.22613146882075988 0.14622263448596612 0.22877536344847169 0.15221970498239368 
158.00000818863936 158.0 0.0 101.64647095565243 38.55102059739227 0.22648100901274593 0.1460794842034569 0.22798117826084438 0.15181989660063083 
159.00000818863938 159.0 0.0 102.30231105558987 38.81157753693682 0.2266003294754044 0.1461195599764138 0.22788334210561537 0.1507630423794096 
160.0000081886394 160.0 0.0 102.96064959400425 39.08756612501929 0.2266746093357587 0.146376671290955 0.2279378794277948 0.15023265934923075 
161.00000818863944 161.0 0.0 103.62273579013163 39.3845792507773 0.22669762941904265 0.1469209103208688 0.22883078927665476 0.14969431640610606 
162.00000818863947 162.0 0.0 104.27295440349724 39.66068360894134 0.22684336135893493 0.14731902986399956 0.22838588180652397 0.14934629280181289 
163.0000081886395 163.0 0.0 104.93816364772044 39.9196292427137 0.22723250575806841 0.14753768011283352 0.227658374394356 0.14958954822472406 
164.00000818863953 164.0 0.0 105.60399750156097 40.14539928821235 0.2274368500572308 0.14784677732519239 0.2274184461316119 0.14943800817682898 
165.00000818863955 165.0 0.0 106.30356027482851 40.37377296669842 0.22685763240876347 0.1483198802146067 0.22685080854302014 0.15011518312933952 
166.00000818863958 166.0 0.0 107.00562148657008 40.56819065942141 0.22612562270784825 0.14886703579738247 0.22636117145129087 0.150460089910573 
167.0000081886396 167.0 0.0 107.73016864459711 40.78027581483544 0.2250349304262846 0.1491807876716694 0.22569550044525388 0.15056951012635816 
168.00000818863964 168.0 0.0 108.44284821986221 40.99784308817443 0.2227268541249864 0.14925820977621623 0.22508871288832777 0.15120959907496923 
169.00000818863967 169.0 0.0 109.15240474703256 41.22295183846095 0.22050239708409697 0.14865800688689956 0.22418614550501312 0.1517736544001267 
170.0000081886397 170.0 0.0 109.86508432229945 41.453745746114535 0.2184771939740859 0.1479085533841641 0.2230586845517162 0.15242100194183172 
171.00000818863973 171.0 0.0 110.56214865708961 41.72762923268463 0.21653439233867997 0.14636137139509017 0.221999049838119 0.15179408671356703 
172.00000818863975 172.0 0.0 111.22548407245402 42.01661576276846 0.2159191252646546 0.14540097794674414 0.22074353853407677 0.15106210257217553 
173.00000818863978 173.0 0.0 111.8806995627727 42.323487964844084 0.21617457924712888 0.1451122756347546 0.22013920524742903 0.15012092902755497 
174.0000081886398 174.0 0.0 112.52404747033071 42.613695892374174 0.21671343573607052 0.14549808816347864 0.21983631618784713 0.14898824090871512 
175.00000818863984 175.0 0.0 113.18113678950692 42.89077312146359 0.21731792426736785 0.1458397189946644 0.2201072859230982 0.14927161997229946 
176.00000818863987 176.0 0.0 113.82198625858747 43.128052544745096 0.21816378704374048 0.1459454085318653 0.2207162001890396 0.14961902191824392 
177.0000081886399 177.0 0.0 114.47407870081179 43.35429025963071 0.21913910379790996 0.14562144837361904 0.22117712475950718 0.1500116656881414 
178.00000818863992 178.0 0.0 115.13429106808186 43.54171941526568 0.22010658088874738 0.14508205357198894 0.2215469089261285 0.1507193298139267 
179.00000818863995 179.0 0.0 115.8107432854474 43.733723080818244 0.22093305293102602 0.14421371243493644 0.22199859284197646 0.1509988856115453 
180.00000818863998 180.0 0.0 116.48719550281112 43.93749813305672 0.2215105841855931 0.14365109654806082 0.22227854912917375 0.15136647173999804 
181.00000818864 181.0 0.0 117.18363522798256 44.16177653839186 0.22176057384424064 0.14369561857449986 0.22344113382197828 0.15109526981871427 
182.00000818864004 182.0 0.0 117.88007495315392 44.387631824579124 0.2214984604851155 0.1439023015389919 0.22442659346783267 0.15086671097522786 
183.00000818864007 183.0 0.0 118.57151780137401 44.65734864786862 0.2210104748730698 0.14457410781750885 0.2245869932663582 0.15139793769570356 
184.0000081886401 184.0 0.0 119.24109931292892 44.942608789330116 0.2199787791527136 0.1460805118036241 0.2248578175825567 0.15224016328040604 
185.00000818864012 185.0 0.0 119.91317926296098 45.25109758280401 0.2184685258133795 0.14790959452437943 0.2242424113194747 0.15377038368215548 
186.00000818864015 186.0 0.0 120.56714553404089 45.53362103884822 0.217890752189842 0.1490348527588995 0.2243217068672043 0.1543798515899672 
187.00000818864018 187.0 0.0 121.22673329169251 45.81925561250922 0.21770242203445603 0.1490448978219634 0.2238808661680716 0.154854078224276 
188.0000081886402 188.0 0.0 121.86945658963094 46.080335532274674 0.21720011458267732 0.14860209906643773 0.223785407262779 0.15496689222057267 
189.00000818864024 189.0 0.0 122.5178013741408 46.32133514011693 0.21628160428170923 0.1470644683093218 0.22388265540393712 0.15437159687042093 
190.00000818864027 190.0 0.0 123.18988132417273 46.52589518266597 0.2155358027352782 0.1447396942642775 0.22367938869045614 0.15349114725937613 
191.0000081886403 191.0 0.0 123.84759525296718 46.730763510519154 0.21522027500544907 0.14219749905537052 0.2229151681062943 0.1524075931859974 
192.00000818864032 192.0 0.0 124.4940662086197 46.90474518658078 0.21537257613139818 0.13996644754335208 0.22239598352701534 0.15110375618358998 
193.00000818864035 193.0 0.0 125.14428482198662 47.077049014130395 0.21557937870235672 0.13830621320020645 0.22144799238631815 0.1499745682356089 
194.00000818864038 194.0 0.0 125.78076202373467 47.25912641669274 0.21583600563743566 0.13785024976024904 0.22140101762871006 0.14933257277511228 
195.0000081886404 195.0 0.0 126.4397251717679 47.46596434208805 0.21617729024468602 0.13820457756760057 0.2218384610207375 0.14781108159129674 
196.00000818864044 196.0 0.0 127.07120549656432 47.69720826849748 0.21652002747154697 0.13926058724149057 0.2227949485306997 0.14629479584457075 
197.00000818864046 197.0 0.0 127.71642723297919 47.980733489884784 0.2161793283273509 0.14085719180498105 0.22327641440739832 0.1453526659090983 
198.0000081886405 198.0 0.0 128.36851967520354 48.25860398281072 0.21598711517747687 0.14231040206188125 0.223524520026314 0.14539467515533863 
199.00000818864052 199.0 0.0 129.0087445346662 48.54491398164529 0.21613610376245967 0.1432243232080453 0.22273111943020835 0.14592362665449535 
200.00000818864055 200.0 0.0 129.66770768269785 48.79897040721725 0.21621298764577038 0.14385535781785108 0.2223751715120432 0.14661737558372961 
201.00000818864058 201.0 0.0 130.33291692692117 49.04656942181299 0.21584272112942543 0.14448437334890743 0.2223336872550181 0.14692170250746578 
202.0000081886406 202.0 0.0 130.99750156152388 49.259554847297416 0.21628206023730295 0.14415953012592914 0.2219244533614204 0.1475444916719744 
203.00000818864063 203.0 0.0 131.68582136164812 49.45427792507514 0.21693803014835686 0.14366362486124493 0.22174044403302454 0.14767864601451386 
204.00000818864066 204.0 0.0 132.35977514053724 49.64155749923034 0.21786958129104333 0.1428246893574885 0.221937391846844 0.14795921925817498 
205.0000081886407 205.0 0.0 133.0381011867588 49.845289871684706 0.21805418707295446 0.14255463654395106 0.22192973372641178 0.147695635015552 
206.00000818864072 206.0 0.0 133.68519675203007 50.03929293042513 0.21776515509541966 0.14260570558682623 0.22191733621034435 0.14751282039173513 
207.00000818864075 207.0 0.0 134.35477826358436 50.25597281633731 0.21750808526602897 0.14264957000087122 0.22185894828804967 0.14715600834685502 
208.00000818864078 208.0 0.0 135.00936914428505 50.51104371485766 0.21681136535635057 0.1431458786913949 0.222262941154455 0.1464949023883045 
209.0000081886408 209.0 0.0 135.65459088069957 50.80394908836458 0.21561115005978115 0.14358188847394737 0.22141343749592118 0.14642067194221825 
210.00000818864083 210.0 0.0 136.317926296065 51.09137143096743 0.21402233874793541 0.14411234954123212 0.2204637586508311 0.14642250046030184 
211.00000818864086 211.0 0.0 136.98938163647665 51.387199400043706 0.21253750807263894 0.14393004429582865 0.2191079752601501 0.14641316208668434 
212.0000081886409 212.0 0.0 137.65209244222444 51.651689320693684 0.21068228644774617 0.14333266025419106 0.21762668774378327 0.14636681159679646 
213.00000818864092 213.0 0.0 138.33666458463432 51.90098468351114 0.20986878794824032 0.14189966448705765 0.21644164979662203 0.1462197812993503 
214.00000818864095 214.0 0.0 139.0124921923808 52.11832541292537 0.2096533007470229 0.14038872040795689 0.21522052443016038 0.14654068944183146 
215.00000818864098 215.0 0.0 139.71642723297887 52.32445208721586 0.20914199732575864 0.13938241857210892 0.21425172162188275 0.14593670534502706 
216.000008188641 216.0 0.0 140.38413491567692 52.51641860544001 0.20880127475890423 0.13857029061190929 0.21341661651727692 0.14536090457891332 
217.00000818864103 217.0 0.0 141.05121798875712 52.72972240660918 0.20879725440010374 0.13805214612579245 0.21332099293842585 0.1443735882221672 
218.00000818864106 218.0 0.0 141.7083073079318 52.94208380103198 0.20876594026868356 0.13785422294927338 0.2133001594413032 0.14338901775692506 
219.0000081886411 219.0 0.0 142.35665209244175 53.16316483040205 0.20886985551773737 0.13741649819394344 0.2126920554584949 0.1427373023505245 
220.00000818864112 220.0 0.0 143.00624609618984 53.39778750998868 0.20801831697205744 0.13712216531097615 0.21208016583126912 0.14168758460958678 
221.00000818864115 221.0 0.0 143.66021236727005 53.680391878272154 0.206575486129114 0.1372529711753424 0.21121570493343395 0.140479829248537 
222.00000818864117 222.0 0.0 144.29106808244774 53.9527592104517 0.20606722374179162 0.13681393674954742 0.21040997482055449 0.13978709256837143 
223.0000081886412 223.0 0.0 144.93129294191183 54.21297378293992 0.20533669419800735 0.13617708760952238 0.2086186704637252 0.13866917701806397 
224.00000818864123 224.0 0.0 145.5627732667086 54.44607390165226 0.20401451821084174 0.1350195814840118 0.207242456677112 0.1377774234888721 
225.00000818864126 225.0 0.0 146.2148657089318 54.67345154526628 0.20251406473365427 0.13248270758273725 0.206175490953657 0.13553293667524913 
226.0000081886413 226.0 0.0 146.8582136164887 54.871821174960225 0.2007252508961174 0.13053104283015557 0.20453606335707325 0.13290329481172058 
227.00000818864132 227.0 0.0 147.5446595877571 55.06786186628891 0.1988274071217197 0.12899115893468652 0.20347415148480577 0.13076995014209347 
228.00000818864135 228.0 0.0 148.22236102435957 55.24672410805988 0.1972466543848623 0.12772013206291952 0.20194979312100947 0.12917580395964753 
229.00000818864137 229.0 0.0 148.87507807620182 55.443141007337736 0.19608259988549476 0.12676937807219668 0.2007503753335681 0.1276581523053405 
230.0000081886414 230.0 0.0 149.53716427232928 55.63563403254815 0.195593133545743 0.12561722572506048 0.1999930470460311 0.12681542320105374 
231.00000818864143 231.0 0.0 150.21736414740823 55.85041605304237 0.1942637791225184 0.12542758627910286 0.19856428864311454 0.12647180022179616 
232.00000818864146 232.0 0.0 150.88881948781935 56.09554466415345 0.19351542812029826 0.125518601992033 0.19772347097444026 0.12627074173673192 
233.0000081886415 233.0 0.0 151.5559025608999 56.375444824857034 0.19273774431123797 0.1258563550395053 0.19677209670812906 0.12670882973258657 
234.00000818864152 234.0 0.0 152.20299812617128 56.657419117055106 0.19178400420367003 0.1266589892774158 0.1961538190640578 0.12723075708108544 
235.00000818864154 235.0 0.0 152.86445971267983 56.937419526604394 0.1909811183731848 0.1273979931502116 0.1954868202147458 0.127702314079537 
236.00000818864157 236.0 0.0 153.50218613366638 57.19579443864584 0.1907446163684163 0.12740050721600146 0.19525014554892225 0.12821952961293948 
237.0000081886416 237.0 0.0 154.15240474703344 57.448459581403085 0.19049541818405713 0.12728017815705317 0.1951565632119717 0.12849823342197864 
238.00000818864163 238.0 0.0 154.80449718925638 57.66111020230742 0.18962359416240607 0.1272365454841404 0.19518181207241175 0.12861852120876566 
239.00000818864166 239.0 0.0 155.47033104309722 57.851128126017 0.18948158347109978 0.1263760709022751 0.1947720477487306 0.12899911983505896 
240.0000081886417 240.0 0.0 156.15240474703347 58.02490205313664 0.18970827158586018 0.12506526825567485 0.1947769669409893 0.12866310258530153 
241.00000818864171 241.0 0.0 156.82448469706515 58.22937231436528 0.1903169609033353 0.12371501870441493 0.19458697173552916 0.12815914907219048 
242.00000818864174 242.0 0.0 157.4859462835722 58.41496990172646 0.19071837444367407 0.12273472048070846 0.19459350535789763 0.12737804827948762 
243.00000818864177 243.0 0.0 158.15615240474642 58.626353725835415 0.19104804078278248 0.12233712956045646 0.19469744845727366 0.12708031296996783 
244.0000081886418 244.0 0.0 158.81886321049305 58.874121385859354 0.191843679675282 0.12203768946288736 0.19610546273290827 0.1264947014054441 
245.00000818864183 245.0 0.0 159.49843847595307 59.15378393484312 0.19213163247760873 0.1222612534632525 0.19721940527007858 0.12620460800566952 
246.00000818864186 246.0 0.0 160.15677701436564 59.423846481070804 0.19252768617111377 0.12278928933875913 0.1973883500715851 0.12707747605436281 
247.00000818864189 247.0 0.0 160.83198001249144 59.688335348203495 0.19248786483710437 0.12402670369263759 0.19836760793084077 0.12775246537733406 
248.0000081886419 248.0 0.0 161.48969394128684 59.94470410277113 0.19217467193404836 0.1255068518957596 0.19873250661284292 0.12914697609529527 
249.00000818864194 249.0 0.0 162.13304184884515 60.20124927112278 0.19168591393809592 0.12693390101351013 0.19896240926167338 0.13095646646156872 
250.00000818864197 250.0 0.0 162.79825109306674 60.41556005649062 0.19107680810157993 0.12760402604804427 0.19930011939117942 0.13274491835966698 
#####################################################################
# End of data export. Simulation finished at: 2020-02-27T14:49+0000 #
#####################################################################
