#####################################################################
# Alchemist log file - simulation started at: 2020-02-26T17:07+0000 #
#####################################################################
# seed = 2.0, reactivity = 1.2, speed = 1
#
# The columns have the following meaning: 
# time classicrc[Mean] classicrc[StandardDeviation] reactiverc[Mean] reactiverc[StandardDeviation] errorclassic[Mean] errorclassic[StandardDeviation] errorreactive[Mean] errorreactive[StandardDeviation] 
0.0 NaN NaN NaN NaN NaN NaN NaN NaN 
1.0000061414769124 1.0 0.0 1.0 0.0 NaN NaN NaN NaN 
2.0000061414769115 2.0 0.0 1.4078700811992504 0.4915923342674859 NaN NaN NaN NaN 
3.0000061414769132 3.0 0.0 1.9094316052467213 0.3871914761787594 NaN NaN NaN NaN 
4.000006141476915 4.0 0.0 2.0630855715178003 0.6137122479614947 NaN NaN NaN NaN 
5.000006141476911 5.0 0.0 2.387257963772644 0.9453504847611224 NaN NaN NaN NaN 
6.0000061414769075 6.0 0.0 2.9269206745783913 1.3319275784848577 NaN NaN NaN NaN 
7.000006141476904 7.0 0.0 3.6158650843223 1.655059860484319 NaN NaN NaN NaN 
8.0000061414769 8.0 0.0 4.425359150530918 1.9165937262642012 NaN NaN NaN NaN 
9.000006141476907 9.0 0.0 5.33791380387258 2.058547520720761 NaN NaN NaN NaN 
10.000006141476915 10.0 0.0 6.275452841973771 2.079592101935132 NaN NaN NaN NaN 
11.000006141476922 11.0 0.0 7.2117426608369675 2.144064370240598 0.3957089482306951 0.374332037366244 0.35651472068703977 0.30251986292637717 
12.000006141476929 12.0 0.0 8.1099312929419 2.2815362275835938 0.33940683345370637 0.2775590289237094 0.3072880772075798 0.2223320332776084 
13.000006141476936 13.0 0.0 8.9643972517177 2.501121079054832 0.3055882477772105 0.22050428682597484 0.2841770037267953 0.1843816573357959 
14.000006141476943 14.0 0.0 9.808869456589624 2.7669380700645956 0.28485228555787906 0.1861777445984798 0.2710281467505343 0.16424172975466494 
15.00000614147695 15.0 0.0 10.652092442223587 3.0190246241872685 0.27280848771458793 0.16858151674210006 0.2642318931312044 0.1541700072694844 
16.000006141476955 16.0 0.0 11.505933791380407 3.3224796490142223 0.26601065294257936 0.1594166832311254 0.26050277878871286 0.14897980165951755 
17.00000614147694 17.0 0.0 12.373516552154957 3.599881690921544 0.26151531037966347 0.15392020775176496 0.25913103400691967 0.1477246704748635 
18.000006141476927 18.0 0.0 13.208619612742032 3.881391587541758 0.25893824333819554 0.15085115954295344 0.2586529587189739 0.14761678754621071 
19.000006141476913 19.0 0.0 14.020612117426607 4.193173008006956 0.25768876795786844 0.1492216511671782 0.25890583976374776 0.14733114070722897 
20.0000061414769 20.0 0.0 14.817613991255525 4.507129302938195 0.25735246836708403 0.1487541876621816 0.25906730301858116 0.14751954285504576 
21.000006141476884 21.0 0.0 15.599000624609594 4.891737830324148 0.257600745213722 0.14885229196001992 0.25937134079456386 0.1479433075498778 
22.00000614147687 22.0 0.0 16.346033728919487 5.313561500666155 0.2579144716248497 0.14896180030473982 0.25956767816240606 0.14861881060409612 
23.000006141476856 23.0 0.0 17.072454715802696 5.762247567842325 0.25829356754125193 0.14914510856090285 0.260285793037338 0.14895321738152767 
24.00000614147684 24.0 0.0 17.808869456589694 6.217692199166242 0.2587284756183385 0.1493763477802675 0.26079215164456043 0.14941722776382663 
25.000006141476828 25.0 0.0 18.559650218613257 6.649744046019827 0.2591652987168296 0.14974332106182464 0.2618073692559197 0.14914696842710684 
26.000006141476813 26.0 0.0 19.351655215490307 7.090531455472811 0.2595720804471195 0.15016268103481994 0.26239633391141753 0.1495184412747565 
27.0000061414768 27.0 0.0 20.15552779512799 7.50775738732169 0.259830592199909 0.15068054869250788 0.26302109082219 0.1500202738044898 
28.000006141476785 28.0 0.0 20.980012492192383 7.8865930698777635 0.25962101212715444 0.15143828719644306 0.2632282714843014 0.1507608938220801 
29.00000614147677 29.0 0.0 21.813241723922655 8.248907475972691 0.25919850664649513 0.15206752677117025 0.2630616663890958 0.15147714450703667 
30.000006141476756 30.0 0.0 22.645846346033697 8.593172976198916 0.2586706643927208 0.15248889738823573 0.2621818814904089 0.15207672356632873 
31.000006141476742 31.0 0.0 23.47657713928802 8.976475214509428 0.25790713454913733 0.15266294093401422 0.26181452775902975 0.1522789077259477 
32.00000614147673 32.0 0.0 24.28856964397249 9.359042446495415 0.25711851062908914 0.15263707668566115 0.2606721279665671 0.15259903854834123 
33.00000614147676 33.0 0.0 25.0624609618987 9.77246622863859 0.25640402972358894 0.15246076127306207 0.2595453170771473 0.15241626915319473 
34.00000614147679 34.0 0.0 25.820112429731523 10.21225343581678 0.255663874026325 0.15204577068593916 0.2582578624513052 0.15235029266631556 
35.00000614147682 35.0 0.0 26.559650218613218 10.67364023553242 0.2550119455417956 0.15150172181210203 0.2576570411908366 0.15153168870403502 
36.000006141476845 36.0 0.0 27.308557151780036 11.16416064822551 0.25463916680196763 0.15097905715786958 0.2574438384121005 0.15091495878514402 
37.000006141476874 37.0 0.0 28.088069956277256 11.617728428359092 0.25436199990158814 0.1505442914311604 0.25768080345669203 0.14963312177924892 
38.0000061414769 38.0 0.0 28.881948782011413 12.038809334808631 0.25422910849104424 0.150302012504112 0.2571364635616091 0.14913733037967705 
39.00000614147693 39.0 0.0 29.684572142411188 12.451197455765007 0.2541359644687997 0.15014008630236197 0.2572151861939479 0.14870698488103962 
40.00000614147696 40.0 0.0 30.524047470330842 12.81140420124758 0.2540295624120383 0.1499641414162239 0.25705021474601525 0.1486690106657131 
41.00000614147699 41.0 0.0 31.37976264834486 13.189226292456636 0.2539831995879621 0.1498938897827484 0.2569053214301261 0.14907848363339832 
42.000006141477016 42.0 0.0 32.21361648969386 13.574400151584019 0.25390152084249923 0.1498175981522146 0.25691211989789736 0.1492956795986127 
43.000006141477044 43.0 0.0 33.0181136789507 13.966219842518928 0.25383600615938673 0.14986094387659613 0.2567005834692217 0.149777878148977 
44.00000614147707 44.0 0.0 33.81074328544649 14.367751546768954 0.25371936436113834 0.15010530519214807 0.2564548070711762 0.1499558565618635 
45.0000061414771 45.0 0.0 34.5802623360402 14.799027339022558 0.25360736081974244 0.150373594396391 0.2557064750816308 0.1502325380731205 
46.00000614147713 46.0 0.0 35.33603997501549 15.279627173409676 0.2534072280670724 0.15062893339432856 0.25525439016762924 0.15044079729909482 
47.00000614147716 47.0 0.0 36.079950031230766 15.766851429423143 0.2531719892477618 0.15079153438537815 0.2546064331233546 0.15035415583438974 
48.000006141477186 48.0 0.0 36.83385384134889 16.231562715928618 0.2528151049507036 0.15084335204165913 0.2542678952203757 0.14964231752546686 
49.000006141477215 49.0 0.0 37.61711430356017 16.668988629114484 0.25244219792863015 0.1508009293497251 0.2535479629689896 0.1491421739984907 
50.00000614147724 50.0 0.0 38.42973141786379 17.065834743437495 0.2520947914282326 0.15068059837107037 0.25290708832238257 0.14856911942060388 
51.00000614147727 51.0 0.0 39.25733916302316 17.48052445338875 0.2517333239584145 0.1504914533854003 0.2528192031235205 0.14796689799116777 
52.0000061414773 52.0 0.0 40.12242348532171 17.84845940475106 0.2514760913071145 0.15031684850208718 0.25258378233075246 0.14780946130400077 
53.00000614147733 53.0 0.0 40.96314803247932 18.217862555297195 0.25128674309421095 0.15015827537445067 0.25204810726728244 0.14799742634104474 
54.00000614147736 54.0 0.0 41.77638975640253 18.611252435233798 0.2511226053082803 0.15004838484061925 0.25183796589297086 0.14775025458250338 
55.000006141477385 55.0 0.0 42.57713928794497 19.009187306700195 0.25097244810866487 0.14994740963365613 0.2517876790999144 0.1477774452442479 
56.000006141477414 56.0 0.0 43.37913803872553 19.439278266091982 0.2508712107189495 0.14985737181505995 0.251448367753532 0.1478477908616927 
57.00000614147744 57.0 0.0 44.15178013741426 19.895038914051597 0.25079308569944236 0.14977471394840397 0.2508561157792816 0.14802994574293601 
58.00000614147747 58.0 0.0 44.89818863210468 20.36348454874302 0.2507271792984225 0.14965420332093823 0.25090395572900576 0.14791990198243374 
59.0000061414775 59.0 0.0 45.650843222985564 20.829333603143244 0.25066233238559305 0.14951447815595703 0.250738774413529 0.14791903497342782 
60.00000614147753 60.0 0.0 46.42286071205499 21.272263679759394 0.2506022356675374 0.14935203765916155 0.25117504058507967 0.1472223073178443 
61.000006141477556 61.0 0.0 47.24109931292963 21.704102948308076 0.25054724420096197 0.1491854572825932 0.251068512195455 0.14684896549951001 
62.000006141477584 62.0 0.0 48.071830106183455 22.113156993317787 0.25046664342619296 0.14904346565503404 0.2509939149935764 0.14667960202111022 
63.00000614147761 63.0 0.0 48.918176139912774 22.48611072799057 0.25035508560106845 0.14889148129879515 0.250870474630581 0.14678144574757365 
64.00000614147764 64.0 0.0 49.77014366021237 22.84755748525115 0.2502155808468329 0.14872839139472596 0.2505721976222208 0.1468200166860065 
65.00000614147758 65.0 0.0 50.61274203622696 23.21144518419826 0.250038916462733 0.14856880153760257 0.24992713811758963 0.146863297979845 
66.00000614147753 66.0 0.0 51.445346658338586 23.618470894521888 0.2498243607810266 0.1483907023607652 0.24981651745436464 0.1465314489923442 
67.00000614147747 67.0 0.0 52.26296064959411 24.025693194558905 0.2496390011729349 0.14818932878933966 0.249199400855676 0.14637474826471647 
68.00000614147741 68.0 0.0 53.03997501561535 24.460062367037757 0.24946968324564578 0.14798489258514977 0.24858547651180285 0.14620461563768988 
69.00000614147736 69.0 0.0 53.80012492192403 24.91410293356701 0.24933660051457443 0.14775270968827556 0.2478020425851015 0.14585026034447918 
70.0000061414773 70.0 0.0 54.5452841973764 25.38263391198401 0.24922524125362464 0.14749247332196003 0.24754141545042144 0.1450605408261064 
71.00000614147724 71.0 0.0 55.311680199874864 25.867613336712434 0.24911305094513606 0.147174864577269 0.24724309043719012 0.144124308492067 
72.00000614147719 72.0 0.0 56.10805746408505 26.31627711677117 0.24902912893823975 0.14682627479685798 0.247538480739765 0.14288891694395583 
73.00000614147713 73.0 0.0 56.917551530293736 26.730332919761047 0.24898565374156922 0.14647949217085976 0.24717729655128234 0.14270518891523876 
74.00000614147707 74.0 0.0 57.733916302311194 27.14084385599474 0.24897858129499975 0.1461732386387091 0.24740778282677733 0.14210990023857115 
75.00000614147702 75.0 0.0 58.58900687070637 27.499154152002102 0.2489997699838896 0.14585580921008817 0.24752651324363 0.14167006494193826 
76.00000614147696 76.0 0.0 59.46221111805154 27.873934551080165 0.2490614163292477 0.14554620755554432 0.24734930164518354 0.1414479097010092 
77.0000061414769 77.0 0.0 60.31292941911305 28.25796593839762 0.249138954092484 0.14526744995393365 0.24748019095301724 0.14126888670876395 
78.00000614147685 78.0 0.0 61.13179262960614 28.64992573894372 0.2492485872661076 0.14502969870398486 0.24742673508172894 0.14139394634943694 
79.00000614147679 79.0 0.0 61.93379138038767 29.059539977070386 0.2493429933696011 0.1448297166043082 0.24753391342316744 0.14112752207070353 
80.00000614147673 80.0 0.0 62.71455340412208 29.493691602036787 0.2493723670976543 0.14473642691013072 0.24715506873201465 0.14102544221106855 
81.00000614147667 81.0 0.0 63.48844472204843 29.97142426782728 0.24945855040188167 0.1445974802301883 0.24705574542707964 0.14068551802996423 
82.00000614147662 82.0 0.0 64.25359150530954 30.45025699654321 0.2494888666291041 0.14446693626838852 0.24713862142934545 0.1406779841158307 
83.00000614147656 83.0 0.0 65.03997501561561 30.8871478288199 0.24939965370438363 0.14432056551121156 0.24732995957564236 0.1402683027784337 
84.0000061414765 84.0 0.0 65.85009369144318 31.305870281046627 0.24921682591687033 0.14416559811874488 0.24697075974567909 0.14003480336848406 
85.00000614147645 85.0 0.0 66.66958151155514 31.712164549069445 0.24895086351691706 0.14400868700447933 0.24656291545152195 0.13959391728579124 
86.00000614147639 86.0 0.0 67.51093066833205 32.12827861395338 0.24861521649596657 0.14382395438854392 0.24631303686906247 0.1390507387273478 
87.00000614147633 87.0 0.0 68.3866333541543 32.49388090427353 0.24821355326931202 0.1435882503047082 0.24612693722680692 0.13905404557480391 
88.00000614147628 88.0 0.0 69.24672079950075 32.85092792909526 0.2477855182917805 0.14330919343220322 0.24537054081436527 0.13918410548238158 
89.00000614147622 89.0 0.0 70.08806995627768 33.22687713034584 0.2473587008213739 0.14302742172025693 0.2449800880253601 0.13886291035466455 
90.00000614147616 90.0 0.0 70.91005621486538 33.614943180962534 0.24694011487952805 0.142770757501238 0.24439965143042375 0.13868751304874746 
91.0000061414761 91.0 0.0 71.71955028107404 34.046063264313574 0.24651896188011058 0.14252907785278504 0.24361273458625396 0.13843009438597714 
92.00000614147605 92.0 0.0 72.49968769519006 34.504965673833105 0.24592711062925485 0.14255264395781397 0.24285293950116932 0.1385665603302363 
93.00000614147599 93.0 0.0 73.25733916302241 34.970934147739165 0.2454022421618342 0.14244822229403994 0.24250990135964917 0.13846911484298505 
94.00000614147594 94.0 0.0 74.0362273579014 35.41925587527612 0.24479244852466223 0.14238005890885325 0.2420202533721729 0.1385333481596678 
95.00000614147588 95.0 0.0 74.83510306058689 35.84221033927769 0.244145595761675 0.14234235457275357 0.24192161510924157 0.1377631530641779 
96.00000614147582 96.0 0.0 75.6652092442219 36.27360052568287 0.2436223202487749 0.14224250810549907 0.24123345015845815 0.13737178704565242 
97.00000614147577 97.0 0.0 76.50405996252314 36.687397560421154 0.24313551812781461 0.14203941276133905 0.24107859917969626 0.13717878988099258 
98.00000614147571 98.0 0.0 77.36164896939336 37.05618711199509 0.24259534689622358 0.14183993295757513 0.2406618259234941 0.13728566712982126 
99.00000614147565 99.0 0.0 78.22923173016837 37.41370798212715 0.24217728675085481 0.1415780553586058 0.24022591312455965 0.13730043132064892 
100.0000061414756 100.0 0.0 79.08744534665895 37.77565153021412 0.24173086217537 0.1412852671282385 0.23959502219785372 0.13695959851306083 
101.00000614147554 101.0 0.0 79.93816364772042 38.17576847786722 0.24139509416399604 0.14097558021617979 0.23946085345771045 0.1364188973294688 
102.00000614147548 102.0 0.0 80.77139287944988 38.57970912437235 0.24112047338578899 0.14066332715567528 0.2391247917643691 0.1364509162841323 
103.00000614147542 103.0 0.0 81.56214865708961 39.0102876351917 0.24084507993250578 0.14035444299110647 0.23866510953919673 0.13654517713579578 
104.00000614147537 104.0 0.0 82.34353529044435 39.456756832561666 0.24056287558379622 0.14007513689952955 0.23809545676377605 0.13666417616174711 
105.00000614147531 105.0 0.0 83.11555277951295 39.910412353292536 0.24031810011757973 0.1399012128860637 0.23783123215947605 0.13638965387179064 
106.00000614147525 106.0 0.0 83.91005621486522 40.37569696066369 0.24008126323925255 0.1398388923830756 0.23750513536143775 0.13626724867756448 
107.0000061414752 107.0 0.0 84.72017489069391 40.818781203869754 0.2398546926094944 0.13987983462053008 0.23773146360390385 0.13578404863549323 
108.00000614147514 108.0 0.0 85.5477826358533 41.2242843678665 0.2394873105589567 0.14001270501825733 0.23706335328215158 0.1360679268862478 
109.00000614147508 109.0 0.0 86.38163647720134 41.621417414238536 0.23898529964017917 0.1402062002214108 0.2367775746813985 0.1359847609018715 
110.00000614147503 110.0 0.0 87.24797001873772 41.97577095705441 0.23840276474694255 0.14037107338485952 0.23586746809517037 0.13615946253778677 
111.00000614147497 111.0 0.0 88.13366645846357 42.343501533425176 0.2377635922098684 0.1404549493514406 0.2350296127820027 0.13614838721334294 
112.00000614147491 112.0 0.0 88.98813241723985 42.72903560896801 0.23709760741500274 0.1404712904423014 0.23477058729052142 0.13607249605525007 
113.00000614147486 113.0 0.0 89.82573391630194 43.11099323086457 0.2362797638666977 0.14041986304281423 0.23409363908818925 0.13642015967556492 
114.0000061414748 114.0 0.0 90.64397251717658 43.51122746153266 0.2354955880863065 0.14027772212493542 0.23356746887178984 0.1364329430747512 
115.00000614147474 115.0 0.0 91.43660212367352 43.939189619828376 0.23458453258713444 0.1401797864860376 0.23244812645869553 0.1364913267163298 
116.00000614147469 116.0 0.0 92.23173016864439 44.40323065461726 0.2338221518062423 0.1396922399152125 0.2320320472851185 0.13593550636084412 
117.00000614147463 117.0 0.0 93.02935665209263 44.85437283753197 0.23314433125788422 0.13912381227235682 0.23162622513189415 0.1358420125937504 
118.00000614147457 118.0 0.0 93.82823235477792 45.290422303573095 0.2324174970051557 0.1383954745260748 0.23158141267385837 0.13533654825983155 
119.00000614147451 119.0 0.0 94.64709556527141 45.71263234185371 0.23163597448230575 0.13772954423478379 0.231028215536019 0.13511647741237123 
120.00000614147446 120.0 0.0 95.47345409119315 46.122399125851175 0.23096545536160726 0.13730520394549894 0.23036799272428948 0.1346887124961776 
121.0000061414744 121.0 0.0 96.32292317301658 46.53508118022063 0.23037327262712212 0.13699485549683144 0.229913214684899 0.13431692708364615 
122.00000614147434 122.0 0.0 97.21611492816984 46.88982581698045 0.22978150171556583 0.13665885687230514 0.22923600048456805 0.13463875571438585 
123.00000614147429 123.0 0.0 98.0830730793261 47.24988063001089 0.22928867024571314 0.13637560019031802 0.22863656349457784 0.13483094987650798 
124.00000614147423 124.0 0.0 98.93566520924442 47.62138682827111 0.2288801927872642 0.1361603822107764 0.22822709760625048 0.13465710208331524 
125.00000614147417 125.0 0.0 99.77201748906843 48.01068752360945 0.22854006905949675 0.13600210505635799 0.22776932796859853 0.13451704078422513 
126.00000614147412 126.0 0.0 100.60212367270549 48.43414054659383 0.2281154467176978 0.13601511456712362 0.22694834068257871 0.13440969463674016 
127.00000614147406 127.0 0.0 101.40849469081786 48.87791451970036 0.22776472499817052 0.1359792559294573 0.22647386343716697 0.13448194888906903 
128.00000614147402 128.0 0.0 102.20424734540951 49.31451492156033 0.22748864451130732 0.1358750069161128 0.22630917006924647 0.1344121782154218 
129.00000614147413 129.0 0.0 103.00499687695134 49.74773839096231 0.22722593036032684 0.13577260698324725 0.2260593722886619 0.13445590758415116 
130.00000614147424 130.0 0.0 103.82136164896946 50.17173575226099 0.22696818295577972 0.13568092974753918 0.2262664795972581 0.1336261756751865 
131.00000614147436 131.0 0.0 104.66146158650825 50.60399263015157 0.22669595003172655 0.13558830907732813 0.22591379918779003 0.13317140076361184 
132.00000614147447 132.0 0.0 105.50530918176183 51.0215898227887 0.22640486657053294 0.13547428097780115 0.22591590017957003 0.13309376963996308 
133.00000614147459 133.0 0.0 106.37913803872524 51.385277945210035 0.22608865539325707 0.1353910251934272 0.22581472616977122 0.13333943038202223 
134.0000061414747 134.0 0.0 107.26358525921229 51.728369676493 0.22577554070340436 0.13532210125430544 0.2255002476722737 0.1335062498060119 
135.0000061414748 135.0 0.0 108.14116177389094 52.07935109906276 0.2254619360349731 0.13525655800499742 0.2248851249728813 0.13327736732770024 
136.00000614147493 136.0 0.0 109.0168644597118 52.45735496965334 0.22516173370479423 0.13515476714382185 0.22464607583938812 0.13297903618548146 
137.00000614147504 137.0 0.0 109.85633978763262 52.86044692248129 0.22490615055340857 0.1349983537885997 0.2243655407571754 0.1331570585569205 
138.00000614147515 138.0 0.0 110.66396002498493 53.281019195942555 0.22468207668518783 0.13484019668586858 0.22416025658569574 0.13313019553213737 
139.00000614147527 139.0 0.0 111.45596502186194 53.71805530693399 0.22447723022757857 0.13470079296379575 0.22377668573397588 0.1332116313662842 
140.00000614147538 140.0 0.0 112.24297314178597 54.167347656636466 0.2243385413801903 0.13451041578925332 0.2236683385173346 0.1327511044085743 
141.0000061414755 141.0 0.0 113.05121798875696 54.623242535371816 0.22422002150613554 0.1343159915076216 0.22358179038783466 0.13241834691041712 
142.0000061414756 142.0 0.0 113.87882573391629 55.058040353977695 0.22402067341482007 0.13424618091806112 0.22402880593874033 0.13175567211480313 
143.00000614147572 143.0 0.0 114.71267957526587 55.46656556321001 0.2239200165122557 0.13403953125029958 0.22372914879992833 0.1317149481988484 
144.00000614147584 144.0 0.0 115.54653341661455 55.87136332270541 0.22387374660201922 0.13376170927402345 0.22398370898771713 0.1313005368225257 
145.00000614147595 145.0 0.0 116.43160524672109 56.21855099061231 0.22377312784752482 0.13348348160487447 0.22370572053792895 0.13112529037514695 
146.00000614147606 146.0 0.0 117.33166770768324 56.57354110164513 0.22371823498581894 0.1331437616783803 0.22332950757900794 0.1308620818278982 
147.00000614147618 147.0 0.0 118.20674578388457 56.94406557724836 0.2237057392575787 0.13278005284694172 0.22333921991327949 0.13059949285803166 
148.0000061414763 148.0 0.0 119.05871330418525 57.31504209710909 0.2237261352141378 0.13240415691473117 0.2229607115989037 0.1308069248457968 
149.0000061414764 149.0 0.0 119.88694565896381 57.71755872979797 0.22371731015670324 0.13208386582262038 0.22274304764774544 0.13068186659040862 
150.00000614147652 150.0 0.0 120.71205496564642 58.12558740208116 0.22363202562562576 0.13186529936520114 0.22209346681589687 0.13034519887607998 
151.00000614147663 151.0 0.0 121.5265459088075 58.57882041424458 0.22357213457467584 0.13165508979551102 0.2214662858340906 0.12995029786684545 
152.00000614147675 152.0 0.0 122.33354153654048 59.032829260608914 0.2235540764502161 0.13138883860342973 0.22105435317313657 0.1298339717680724 
153.00000614147686 153.0 0.0 123.14303560274803 59.473472263096525 0.22357418609417626 0.13112428797950806 0.22100711098701364 0.12917805862903722 
154.00000614147697 154.0 0.0 123.9637726420986 59.90361998041759 0.22358758608608337 0.13093425836350056 0.22066207313592687 0.12854184667334648 
155.0000061414771 155.0 0.0 124.79950031230457 60.31379734148888 0.2235830894243618 0.1308679578207212 0.22022780455820598 0.12786358187317576 
156.0000061414772 156.0 0.0 125.66146158650784 60.724277024205286 0.22347986203735706 0.1309009982555824 0.22007863200712802 0.12740849407696947 
157.00000614147731 157.0 0.0 126.570268582135 61.065929252655394 0.22337092579368836 0.13099253792702165 0.21975473748810287 0.12797817080442148 
158.00000614147743 158.0 0.0 127.45534041224292 61.41195454082775 0.22330083136136322 0.13112916629356872 0.21962245347913387 0.12832968397245553 
159.00000614147754 159.0 0.0 128.3229231730172 61.769147075621255 0.22326079587662764 0.13128907880617774 0.2195588886317012 0.12818108774699427 
160.00000614147766 160.0 0.0 129.17239225484064 62.13826528264256 0.22320168042048616 0.13146223458670475 0.21931601788822222 0.12829837603488276 
161.00000614147777 161.0 0.0 130.0193628981897 62.53442251947228 0.22315875037079438 0.1316548213677509 0.21906466585272044 0.12862122693160413 
162.00000614147788 162.0 0.0 130.8388507183 62.954926452806696 0.2231436637822486 0.13184495507278327 0.218738783838599 0.1294667885483594 
163.000006141478 163.0 0.0 131.63460337289234 63.384152410978956 0.22299274376415895 0.13228395894664255 0.21893086941733683 0.12989550235976566 
164.0000061414781 164.0 0.0 132.4366021236738 63.81325202845575 0.22283437104419648 0.1327312070063603 0.21877593532041315 0.1303632979651443 
165.00000614147822 165.0 0.0 133.25359150530966 64.24420714084268 0.22284605345284036 0.13291018993455897 0.21914409017226139 0.12983629454034853 
166.00000614147834 166.0 0.0 134.09056839475215 64.6833627545691 0.22279631552065118 0.13312683984936344 0.21903932688158756 0.12990276575528562 
167.00000614147845 167.0 0.0 134.94191130543462 65.09377657345306 0.22269966452791587 0.1333731583153102 0.21929288516112014 0.13033710974523374 
168.00000614147856 168.0 0.0 135.82386008744464 65.45332463168218 0.22259782672676492 0.13358058982626816 0.21945747694649698 0.1307790969358484 
169.00000614147868 169.0 0.0 136.71517801374054 65.79000741551774 0.22251407975479223 0.13369266706199434 0.21912796093657388 0.13090425037381057 
170.0000061414788 170.0 0.0 137.60274828232272 66.1316270209815 0.22243643197634216 0.1337296495233533 0.21869002387937053 0.13063441081887853 
171.0000061414789 171.0 0.0 138.49281698938086 66.49746314425948 0.2222887740776412 0.1337569308570921 0.21866185444486289 0.13059042756349779 
172.00000614147902 172.0 0.0 139.35290443472775 66.88898269238001 0.2221841604130603 0.1336560946443714 0.21859834257424912 0.13077884388098346 
173.00000614147913 173.0 0.0 140.1823860087435 67.30316088084878 0.22203124943665084 0.13355601941279843 0.218730345348317 0.13047920927397 
174.00000614147925 174.0 0.0 140.99312929419125 67.7371709459724 0.22190511644007674 0.1334362117229186 0.21832433226899553 0.1302974355297601 
175.00000614147936 175.0 0.0 141.81324172392195 68.1632560442012 0.22187698694941138 0.1332237474454153 0.21833857617747993 0.1296827144509244 
176.00000614147947 176.0 0.0 142.63772642098616 68.61769032711297 0.22190334943287324 0.13293581035361124 0.21856195970972633 0.12939312604148975 
177.0000061414796 177.0 0.0 143.47470331043166 69.05345404777073 0.221961277716783 0.1325980530256739 0.21929203475613276 0.12872679715082816 
178.0000061414797 178.0 0.0 144.3185509056827 69.46650964240867 0.2220395811703793 0.13223943655371537 0.21923068758355965 0.12848633220277997 
179.00000614147982 179.0 0.0 145.16926920674663 69.86686056370442 0.222151528773469 0.131844488524198 0.21947688843108887 0.1277767874113882 
180.00000614147993 180.0 0.0 146.0699562773256 70.20657093933997 0.22224923281164574 0.13148879302389882 0.21926486194983025 0.12747489974740883 
181.00000614148004 181.0 0.0 146.98625858838247 70.5522310848886 0.22227712105153866 0.1312129930937126 0.21903638968081793 0.12750535368495078 
182.00000614148016 182.0 0.0 147.87882573391582 70.90978640230216 0.22225912857463964 0.13102031238700285 0.21919764315246623 0.12744544861268803 
183.00000614148027 183.0 0.0 148.75640224859413 71.25440774470098 0.2222460250482143 0.13086008908527139 0.2190598250820742 0.12746253673546215 
184.00000614148038 184.0 0.0 149.60024984384825 71.62837321856166 0.22227467142943003 0.13064587285361082 0.21906573008404273 0.12688737292889987 
185.0000061414805 185.0 0.0 150.4266083697701 72.02733693919382 0.22234839133535356 0.1303732564900333 0.2187681572843452 0.12650887926013782 
186.0000061414806 186.0 0.0 151.24172392254937 72.46901688326108 0.22251570929379852 0.1300160049021429 0.21898710169781307 0.12627378112054138 
187.00000614148072 187.0 0.0 152.04747033104172 72.91608358352262 0.22270002089295338 0.1296588202842575 0.21921359405256935 0.12638545155941674 
188.00000614148084 188.0 0.0 152.8525921299172 73.35053344958808 0.22286192991506126 0.12933884701579798 0.2198908600229938 0.12592769935547637 
189.00000614148095 189.0 0.0 153.67395377888755 73.7739359626443 0.22282637445294784 0.12930042209735068 0.21986037430605682 0.12543544485551833 
190.00000614148107 190.0 0.0 154.52217364147344 74.17949288228115 0.2228801773375471 0.12909629435534709 0.21994435650903793 0.12463279870341183 
191.00000614148118 191.0 0.0 155.39038101186875 74.57969316387131 0.2228655447422684 0.12889813677450715 0.22011759996038804 0.1244078218380632 
192.0000061414813 192.0 0.0 156.30418488444843 74.91053356321665 0.22271177311150014 0.12875598379129577 0.21968326490678125 0.12488079023929957 
193.0000061414814 193.0 0.0 157.19675202998198 75.24575994329582 0.22236017851052708 0.12874049807902233 0.21936241790152194 0.12495214094759505 
194.00000614148152 194.0 0.0 158.0855715178003 75.5798637068019 0.22180270629611665 0.12882102311792235 0.21888663197525748 0.12448333749441955 
195.00000614148163 195.0 0.0 158.9637726420986 75.92577748537232 0.22106055486450277 0.1290061722335064 0.21806173346541763 0.12471796787561157 
196.00000614148175 196.0 0.0 159.82261086820807 76.32530552463646 0.22024824770154094 0.12912669360198997 0.21722447872880596 0.12493928178378913 
197.00000614148186 197.0 0.0 160.64896939412978 76.75349634055556 0.21933259055892 0.12918656327530087 0.21610867516321516 0.12561683959861678 
198.00000614148198 198.0 0.0 161.45721424110025 77.18804683683008 0.21808193318782532 0.12915987044905242 0.21526317687946694 0.12587842800189739 
199.0000061414821 199.0 0.0 162.26171143035498 77.62821387433303 0.21713389214171908 0.12881851894379723 0.21407237327394082 0.12576437014437378 
200.0000061414822 200.0 0.0 163.08057464084897 78.06502340145397 0.21592151861455644 0.1282004470940423 0.21327393841035847 0.12476887463838454 
201.00000614148232 201.0 0.0 163.92504684571986 78.5065164716499 0.21454069650306226 0.127101509794819 0.21189468016784754 0.12409575802437231 
202.00000614148243 202.0 0.0 164.78513429106908 78.91908073382861 0.21316270646983596 0.1259172941544357 0.21056315957255983 0.12312544016383012 
203.00000614148254 203.0 0.0 165.67707682698241 79.27718007377473 0.21169154078045696 0.12410735405868445 0.20918126993758074 0.12187063609776061 
204.00000614148266 204.0 0.0 166.58088694565842 79.61085735917476 0.21044393097184133 0.12265082597790324 0.2078820268707984 0.120240473200495 
205.00000614148277 205.0 0.0 167.48344784509797 79.94641881976429 0.20948090308952852 0.12184985193547863 0.20707748941255488 0.11956893491433372 
206.00000614148288 206.0 0.0 168.38725796377153 80.30536991720412 0.20889862304040105 0.12147960901798852 0.20691609708862885 0.11950991509718434 
207.000006141483 207.0 0.0 169.25608994378356 80.6960617189705 0.2085181461976472 0.12130692690925504 0.20661231701706426 0.11995756461146134 
208.0000061414831 208.0 0.0 170.10368519675268 81.10205294973012 0.20836979245900353 0.1213751338368707 0.206564785361379 0.12015725137616551 
209.00000614148323 209.0 0.0 170.934415990006 81.52305699033474 0.20826709870318652 0.12151180937963414 0.20609894740473467 0.12045309269888552 
210.00000614148334 210.0 0.0 171.75702685821406 81.9567053520024 0.20820374158935345 0.12177166346362654 0.20610827427454054 0.12045539537735257 
211.00000614148345 211.0 0.0 172.57901311680112 82.41877158314993 0.2081546919593006 0.12210628449599834 0.20625618017435127 0.1208768248061163 
212.00000614148357 212.0 0.0 173.4178638351042 82.85814477577892 0.208112588456756 0.12247398523396867 0.20694296425687553 0.12099787434433262 
213.00000614148368 213.0 0.0 174.2660836976899 83.27012762819251 0.20807996905345935 0.12284810416957466 0.20683918361154846 0.12163710610977937 
214.0000061414838 214.0 0.0 175.1205496564642 83.66093672495997 0.20806032792273865 0.1232568975330681 0.20717371506720772 0.1217951434214448 
215.0000061414839 215.0 0.0 176.01748906933238 83.99314521995984 0.208012563984153 0.123784212326092 0.20699532541062846 0.12243085432718126 
216.00000614148402 216.0 0.0 176.94128669581474 84.3189424186128 0.20798917484558072 0.12432981523211248 0.20697517858160344 0.1231472934238523 
217.00000614148414 217.0 0.0 177.84821986258567 84.65465181188621 0.20806751532338968 0.12480397020622841 0.20720020085908886 0.12379371245484577 
218.00000614148425 218.0 0.0 178.73329169269297 84.99682021829105 0.20830119380123635 0.12518060097342082 0.207313313562242 0.1245102486078158 
219.00000614148436 219.0 0.0 179.59025608994492 85.37106216392559 0.20857742702964452 0.12555692013786207 0.20756890805422895 0.12465297707800349 
220.00000614148448 220.0 0.0 180.4209868831989 85.7733723790514 0.2089058029965068 0.1258408259251601 0.20746375345383986 0.12488518368880655 
221.0000061414846 221.0 0.0 181.2442223610232 86.20988744430936 0.20923260247348027 0.12623502116118146 0.20778948637992137 0.12520133120152535 
222.0000061414847 222.0 0.0 182.0530918176132 86.64943193407102 0.2094396217236513 0.12671302483379634 0.20806893930600223 0.12574208513330576 
223.00000614148482 223.0 0.0 182.87320424734705 87.08266640261364 0.20952839080991834 0.12724048735975532 0.20858960650396818 0.12596110101403454 
224.00000614148493 224.0 0.0 183.71392879450391 87.50217489935554 0.2094664630274657 0.12780190830563865 0.20846491356818014 0.12593650877789714 
225.00000614148504 225.0 0.0 184.56339787632643 87.9035117867723 0.20929644358351074 0.12818963750481074 0.2084387965037463 0.12563670524876625 
226.00000614148516 226.0 0.0 185.43785134291036 88.29398360805975 0.20917506817872714 0.12806528213010324 0.20832967370652267 0.12550463062093725 
227.00000614148527 227.0 0.0 186.35915053091915 88.61566766254136 0.20880626249319617 0.12784656495154512 0.20787668873674695 0.1255068407484309 
228.0000061414854 228.0 0.0 187.2729544034988 88.92850962615198 0.20808302331150663 0.12721425797468153 0.20706644670485935 0.12529147790123246 
229.0000061414855 229.0 0.0 188.16989381636364 89.25856327575073 0.20748731349905564 0.12627462642867507 0.20584932823809188 0.1239720683265042 
230.0000061414856 230.0 0.0 189.04934415989945 89.61396062351015 0.206717451252965 0.12472203983320901 0.20456593898099262 0.12246069943833202 
231.00000614148573 231.0 0.0 189.92442223610328 90.01722007167139 0.20602795248518055 0.12381133075547013 0.20352126696430636 0.12122292557801195 
232.00000614148584 232.0 0.0 190.7651467832593 90.45122199005431 0.20555779264260987 0.12342878063086835 0.20271232603167527 0.12142866728553552 
233.00000614148595 233.0 0.0 191.5896314803247 90.89117596019233 0.20521657927265788 0.12330316405630452 0.20251485819862486 0.12146113564055097 
234.00000614148607 234.0 0.0 192.4116177389132 91.33017622858169 0.20493251359016676 0.12322541062945343 0.20213705731126974 0.12160956147823418 
235.00000614148618 235.0 0.0 193.23797626483466 91.75974175476968 0.2049007842642919 0.12337564286149927 0.20231886456682477 0.12126948032636505 
236.0000061414863 236.0 0.0 194.0936914428494 92.19267848602315 0.204810798393093 0.12352080481161959 0.20214727500919996 0.12129219821690528 
237.0000061414864 237.0 0.0 194.96439725171808 92.5972629544315 0.20471933074873733 0.12377014553039209 0.202298462072748 0.12160325660491081 
238.00000614148652 238.0 0.0 195.85633978763252 92.94576025212 0.2045872680249364 0.12397525881775971 0.2023247491963539 0.12189124515684112 
239.00000614148664 239.0 0.0 196.76014990630875 93.25451697358889 0.2044389624241972 0.12413332700895756 0.20186094095626325 0.12194972661931451 
240.00000614148675 240.0 0.0 197.64022485946305 93.56201409198803 0.20431180253788572 0.12423276144247 0.20143932578984478 0.12181926085696257 
241.00000614148686 241.0 0.0 198.52029981261586 93.88942828620264 0.20422253289906744 0.12420309450787637 0.20144191276460155 0.12165290258803332 
242.00000614148698 242.0 0.0 199.37601499063143 94.25006511594447 0.20419809363863686 0.12408723042831978 0.20128919767299255 0.12183710990229399 
243.0000061414871 243.0 0.0 200.196752029982 94.63598358681631 0.20417385965481288 0.12380684673444216 0.20132124964265224 0.12157493829793634 
244.0000061414872 244.0 0.0 200.99875078076184 95.03678892112534 0.20401305083935228 0.12349178201400339 0.20090329995142492 0.12156524583955464 
245.00000614148732 245.0 0.0 201.80074953154445 95.45574707390746 0.20394548949257374 0.123119526719974 0.20101345275700733 0.1209858040977078 
246.00000614148743 246.0 0.0 202.61086820737142 95.90036682311639 0.2039431931030103 0.12256891087492734 0.20109585021867218 0.1207318411295093 
247.00000614148755 247.0 0.0 203.4503435352904 96.32433591229413 0.20406848326922608 0.12183446475106363 0.20161386912457324 0.120011520936902 
248.00000614148766 248.0 0.0 204.29356652092522 96.73319629183389 0.2042892969552635 0.12094896570774555 0.2016646937212354 0.1187832319605479 
249.00000614148777 249.0 0.0 205.15865084322309 97.1242557972964 0.20461006855037842 0.12006290713651502 0.20232643324418104 0.11723850580307466 
250.0000061414879 250.0 0.0 206.07682698313502 97.44428392125424 0.20468156236411608 0.11888303685806996 0.2024749415111184 0.11617153355319257 
#####################################################################
# End of data export. Simulation finished at: 2020-02-26T18:25+0000 #
#####################################################################
