#####################################################################
# Alchemist log file - simulation started at: 2020-02-28T09:44+0000 #
#####################################################################
# seed = 61.0, reactivity = 0.9, speed = 10
#
# The columns have the following meaning: 
# time classicrc[Mean] classicrc[StandardDeviation] reactiverc[Mean] reactiverc[StandardDeviation] errorclassic[Mean] errorclassic[StandardDeviation] errorreactive[Mean] errorreactive[StandardDeviation] 
0.0 NaN NaN NaN NaN NaN NaN NaN NaN 
1.0000081886358831 1.0 0.0 NaN NaN NaN NaN NaN NaN 
2.0000081886358836 2.0 0.0 1.0 0.0 NaN NaN NaN NaN 
3.000008188635884 3.0 0.0 1.6970643347907555 0.4596712156350981 NaN NaN NaN NaN 
4.000008188635884 4.0 0.0 1.9094316052467213 0.3871914761787594 NaN NaN NaN NaN 
5.0000081886358805 5.0 0.0 2.016239850093691 0.5440460480841498 NaN NaN NaN NaN 
6.000008188635877 6.0 0.0 2.2029981261711447 0.7766215330658144 NaN NaN NaN NaN 
7.000008188635873 7.0 0.0 2.5059337913803885 1.0618950127548767 NaN NaN NaN NaN 
8.00000818863587 8.0 0.0 2.9269206745783913 1.3319275784848577 NaN NaN NaN NaN 
9.000008188635867 9.0 0.0 3.425359150530917 1.566311435045807 NaN NaN NaN NaN 
10.000008188635864 10.0 0.0 4.001249219237976 1.777286819417722 NaN NaN NaN NaN 
11.00000818863586 11.0 0.0 4.649594003747658 1.9481437055730835 0.6542374699325261 0.6137993490015993 NaN NaN 
12.000008188635856 12.0 0.0 5.334166146158651 2.051862128623227 0.6065488686819248 0.5526378649984206 NaN NaN 
13.000008188635853 13.0 0.0 6.0599625234228665 2.0549093042260176 0.5788599615298203 0.5185556746441141 NaN NaN 
14.00000818863585 14.0 0.0 6.765146783260476 2.048733631799462 0.5643305311835609 0.5070933882657447 NaN NaN 
15.000008188635846 15.0 0.0 7.47657713928795 2.0855712111318727 0.5560240796124439 0.5053188882102845 0.6615290057370109 0.6307093181743224 
16.000008188635842 16.0 0.0 8.160524672079942 2.1470539640510085 0.5496254691094786 0.5043174821482623 0.6308267073183662 0.6041146306021163 
17.00000818863584 17.0 0.0 8.856339787632743 2.238715891861267 0.5440981545546156 0.5024633587275327 0.6091816758923035 0.5848892793725515 
18.000008188635835 18.0 0.0 9.540287320424762 2.339825242917812 0.5391322701904072 0.49908582126809187 0.591863756090371 0.5693490566481941 
19.00000818863583 19.0 0.0 10.241723922548402 2.449675085849882 0.5344333124177554 0.4939375274688559 0.5776529609298215 0.5580719775554612 
20.000008188635828 20.0 0.0 10.95377888819489 2.5676569618192797 0.5285074135038191 0.4872291874754593 0.5689487179234018 0.5505418076324711 
21.000008188635825 21.0 0.0 11.657089319175492 2.7359575604607027 0.522289836404183 0.47942466874293543 0.5618296947717442 0.5442068326935887 
22.00000818863582 22.0 0.0 12.349781386633342 2.9101248280234375 0.5169449908767435 0.47085842516703336 0.5554650558429406 0.538167932109747 
23.000008188635817 23.0 0.0 13.047470331043108 3.1028608024330517 0.5126510979883567 0.46387473596567247 0.5501613816620068 0.5315001905801269 
24.000008188635814 24.0 0.0 13.703310430980686 3.3105959107383445 0.5094594244694018 0.46087161837329216 0.5457611801650774 0.5248008588667695 
25.00000818863581 25.0 0.0 14.349781386633342 3.5666968633006304 0.5073718777479738 0.4583079876742692 0.5390904815013088 0.515384538642629 
26.000008188635807 26.0 0.0 14.9537788881949 3.8301908925768893 0.504055831063636 0.45346716127177 0.5354387675420247 0.5057668510797082 
27.000008188635803 27.0 0.0 15.572142410993186 4.089309045512017 0.5007261469883384 0.446587816051746 0.5318491150087021 0.49546259340028564 
28.0000081886358 28.0 0.0 16.19425359150528 4.340549153984008 0.4973245718809168 0.43814263450469954 0.5278633005315714 0.4852981761165826 
29.000008188635796 29.0 0.0 16.81886321049346 4.596022079679541 0.4936903984073629 0.42678888800661896 0.5246064250874712 0.4769894758326327 
30.000008188635793 30.0 0.0 17.47532792004999 4.830325781769431 0.49186711426244084 0.4184583928319351 0.5224887517307976 0.46874416559556864 
31.00000818863579 31.0 0.0 18.16177389131795 5.077099354094143 0.4929729318426156 0.4172857503601926 0.5234619583972434 0.46423639581630993 
32.00000818863579 32.0 0.0 18.849469081823887 5.295205499359748 0.49464280543275 0.41659199953607057 0.5221763678440419 0.4606894618120719 
33.00000818863582 33.0 0.0 19.557151780137488 5.51413074587223 0.4958645614096305 0.41667741188704555 0.5226060120665464 0.4584580394878425 
34.000008188635846 34.0 0.0 20.26545908807006 5.72550106363896 0.4961723302597041 0.41694001433383787 0.522385196900398 0.4551708947247565 
35.000008188635874 35.0 0.0 20.984384759525312 5.952552478715979 0.49569864731917157 0.4162509328464378 0.5213534113198938 0.45281463350025125 
36.0000081886359 36.0 0.0 21.67395377888825 6.180807181943331 0.493743262812773 0.4151603248446198 0.5193803232063622 0.4509517308577735 
37.00000818863593 37.0 0.0 22.35290443472834 6.443582514524538 0.49098607615598605 0.41257382533764553 0.5179815634569604 0.44800474015707614 
38.00000818863596 38.0 0.0 22.993753903810134 6.727180758824506 0.4873451623265986 0.4082000777653295 0.515390914293103 0.4443180247720818 
39.00000818863599 39.0 0.0 23.628981886321135 7.004267236856143 0.4832560866179372 0.4026176944986077 0.5119429856894148 0.43737908736880465 
40.000008188636016 40.0 0.0 24.274828232354885 7.27723657964358 0.4811163764798797 0.39824082923467596 0.5092035604277804 0.4305140618382743 
41.000008188636045 41.0 0.0 24.928794503435295 7.557193699275524 0.4783417087644455 0.3943218077582307 0.5061241616905462 0.42411985772109223 
42.00000818863607 42.0 0.0 25.590880699562724 7.808450024581278 0.4769575886877947 0.3908480453899274 0.5039708861264592 0.4180613455389521 
43.0000081886361 43.0 0.0 26.281074328544765 8.04314601664648 0.4747626768051093 0.38696231690945676 0.5015614655759838 0.41307548928603516 
44.00000818863613 44.0 0.0 26.986258588382405 8.248321711450865 0.47385287424786277 0.3818887192988464 0.49993158433038226 0.4076994616450515 
45.00000818863616 45.0 0.0 27.712679575265366 8.466840932596371 0.4731629845939941 0.3794617363210026 0.5003405038850984 0.40418151170548433 
46.00000818863619 46.0 0.0 28.40974391005634 8.682065134337442 0.4726339432810125 0.3799603270926539 0.5001616198136501 0.40374303287953633 
47.000008188636215 47.0 0.0 29.12117426608386 8.909071647497143 0.4716019457709216 0.3798411931155102 0.49966701087637005 0.40444666951970965 
48.000008188636244 48.0 0.0 29.817613991255417 9.132317041879574 0.47035180885152006 0.3789859360738215 0.499389959156112 0.4052786798533268 
49.00000818863627 49.0 0.0 30.48094940662074 9.395466624817733 0.4684080871751322 0.3775923998493265 0.4997950923307334 0.4069354454801051 
50.0000081886363 50.0 0.0 31.13678950655832 9.673580099233712 0.4667219291338703 0.3757270008740758 0.4987545926751671 0.4070015883827255 
51.00000818863633 51.0 0.0 31.796377264209987 9.972700831148066 0.46512521470798635 0.3736218210758435 0.49654957099899105 0.4039460764885608 
52.00000818863636 52.0 0.0 32.445971267957624 10.246876856958568 0.46442341201880627 0.3733767703865903 0.49409866307847583 0.4015121707896178 
53.000008188636386 53.0 0.0 33.11930043722655 10.502208506324106 0.46427466952177576 0.3736110769073167 0.49309008844744867 0.40094373170866016 
54.000008188636414 54.0 0.0 33.80824484697071 10.729926932650223 0.46402895213510686 0.37510065544058924 0.49327964463994867 0.4022478500938058 
55.00000818863644 55.0 0.0 34.54091193004361 10.9555228728648 0.46287990230627907 0.3766899450654151 0.4934232169403133 0.4046976762966992 
56.00000818863647 56.0 0.0 35.26420986883193 11.143250177391092 0.46232347617822944 0.37957051882875675 0.49347829297122486 0.4066477533354527 
57.0000081886365 57.0 0.0 36.001873828856844 11.346722940416347 0.4619382886533864 0.38080441189847375 0.4928766403036525 0.4092186187334235 
58.00000818863653 58.0 0.0 36.7226733291694 11.557758945783752 0.46188873461835944 0.3812813083239543 0.4930016574196571 0.4119697082594527 
59.000008188636556 59.0 0.0 37.439100562148845 11.776680142998929 0.46239964989923266 0.38425044710607753 0.49124215146437983 0.4122688066045706 
60.000008188636585 60.0 0.0 38.154278575889975 12.00429332550841 0.46360330443358183 0.38620884725075433 0.48945027354147574 0.41294704371551544 
61.00000818863661 61.0 0.0 38.84946908182363 12.278811069498962 0.46576039669169594 0.3898472612975519 0.48950184081039755 0.4169533831383899 
62.00000818863664 62.0 0.0 39.5153029356651 12.568708045133233 0.46803603004360445 0.3947955249149703 0.4886948494447164 0.41969890714685615 
63.00000818863667 63.0 0.0 40.17926296064944 12.876421075222476 0.4692532453174644 0.3990196734786652 0.4877871472597186 0.4212499453863007 
64.0000081886367 64.0 0.0 40.83260462211114 13.170400953433642 0.46945596728152234 0.40494858754929985 0.48550961763838646 0.42307501275823983 
65.00000818863673 65.0 0.0 41.51592754528412 13.457893683810482 0.46937948715775124 0.4096187423838124 0.48390597657251977 0.4249158587417602 
66.00000818863676 66.0 0.0 42.18738288569648 13.703917896314623 0.4694409194147484 0.41341445696947765 0.4828878104230273 0.42684812180996784 
67.00000818863678 67.0 0.0 42.89381636477195 13.940990566984715 0.47003144110796524 0.41711169628050054 0.4837732658522746 0.4337238090182524 
68.00000818863681 68.0 0.0 43.61086820737062 14.136092345773772 0.47099581642028804 0.42058861368920397 0.4838931746080787 0.43841088558118 
69.00000818863684 69.0 0.0 44.33166770768287 14.31910621440845 0.4729555809468998 0.4245537453227496 0.48482786919691523 0.44198068205063185 
70.00000818863687 70.0 0.0 45.04871955028113 14.509914711049374 0.47528730576380906 0.42892435775430554 0.4862665299771413 0.4465241122816139 
71.0000081886369 71.0 0.0 45.76826983135549 14.731153809771586 0.47724644352208584 0.4326122241880636 0.488884463091385 0.4526935444888673 
72.00000818863693 72.0 0.0 46.4684572142409 14.944201573882275 0.4795148078873232 0.4381899965735633 0.48944988519172683 0.4580326810756896 
73.00000818863695 73.0 0.0 47.163647720174794 15.200434292671455 0.4819849058205477 0.4451329828920699 0.4933205744502113 0.46321254517876387 
74.00000818863698 74.0 0.0 47.83322923173031 15.482297798713363 0.48484259805690033 0.45093435536634613 0.4970676545699579 0.46824981237568525 
75.00000818863701 75.0 0.0 48.50468457214228 15.789676510019678 0.48642134706652557 0.4563576349807643 0.5002330118557781 0.4732929335242028 
76.00000818863704 76.0 0.0 49.161149281698805 16.06915569276511 0.48675476403094287 0.4613186634361001 0.5032870619890484 0.4792378214328818 
77.00000818863707 77.0 0.0 49.83760149906337 16.363751411079143 0.48641577160648836 0.46616518586648986 0.5055853061064716 0.4864465405167282 
78.0000081886371 78.0 0.0 50.50655840099963 16.634981611366353 0.48573240309295546 0.4715138741249729 0.5069845617765485 0.49142295632059074 
79.00000818863712 79.0 0.0 51.185509056839635 16.873312949190524 0.4860648938863449 0.4778551911137805 0.5085294909912651 0.49499529435046447 
80.00000818863715 80.0 0.0 51.89256714553373 17.08075528096302 0.4871117102541243 0.4826089789798626 0.5106224265752183 0.500757938298692 
81.00000818863718 81.0 0.0 52.61274203622711 17.307149896474638 0.487790840067693 0.48595097181924907 0.51249671196026 0.5066234464575003 
82.00000818863721 82.0 0.0 53.332292317301565 17.504806848534493 0.4880746254509311 0.49053990416655785 0.513804587396712 0.51192002141855 
83.00000818863724 83.0 0.0 54.06246096189868 17.718065531820592 0.48725696839410365 0.4952606120522761 0.5148427276191274 0.5164265971370398 
84.00000818863727 84.0 0.0 54.77014366021229 17.938983612285412 0.48618855888586743 0.5010158023069968 0.513936558079705 0.5221867270047403 
85.0000081886373 85.0 0.0 55.48594628357299 18.179176511041835 0.48710463670127035 0.5070747355541213 0.5134501017646544 0.5259396937651438 
86.00000818863732 86.0 0.0 56.158650843223086 18.430404612450253 0.4901380153540882 0.5140761999577996 0.514721623289024 0.5315600099012476 
87.00000818863735 87.0 0.0 56.841973766396215 18.725968255388352 0.49297805203674144 0.5197631734983461 0.5161722178685103 0.5368141834585938 
88.00000818863738 88.0 0.0 57.517176764522 19.0059822430825 0.49419298656741245 0.5243270134846703 0.5182611470290531 0.5411152860757401 
89.00000818863741 89.0 0.0 58.18238600874469 19.289678964498208 0.49634520271918264 0.530875276859096 0.520053020253015 0.5477767405825207 
90.00000818863744 90.0 0.0 58.85321673953815 19.546651022838148 0.49855581708698776 0.5346815020978162 0.5216652495878709 0.5537610818784046 
91.00000818863747 91.0 0.0 59.530293566521074 19.80168523071355 0.5009966503587963 0.5380720898747471 0.525216688809792 0.5603180211513673 
92.0000081886375 92.0 0.0 60.204871955028295 20.01756731596568 0.5033803346419066 0.5420757872235058 0.5284603589870971 0.5654340977819524 
93.00000818863752 93.0 0.0 60.91255465334186 20.220715826403495 0.5056041688061862 0.5452216853669092 0.5322212702459781 0.571642386738124 
94.00000818863755 94.0 0.0 61.612742036227026 20.416015466761227 0.5078416053600969 0.5490536836704546 0.5348126745916371 0.5773959242713423 
95.00000818863758 95.0 0.0 62.3229231730171 20.634256236892153 0.5100331540500801 0.5537640479818146 0.5377318437589356 0.5821279686166908 
96.00000818863761 96.0 0.0 63.00124921923782 20.844933399713184 0.5121778147680576 0.5579884514701995 0.53943489328303 0.5877197453863224 
97.00000818863764 97.0 0.0 63.69581511555297 21.080898669786205 0.5147455409254507 0.5634773782714496 0.5421837445582957 0.5915652144508629 
98.00000818863766 98.0 0.0 64.36164896939417 21.339804433949205 0.5176456702103367 0.5685852066672697 0.5442721887135848 0.5947385481691043 
99.0000081886377 99.0 0.0 65.01623985009346 21.621886737804168 0.5214434132799699 0.571918750790391 0.5481578950123428 0.5982882915564446 
100.00000818863772 100.0 0.0 65.68394753279168 21.899287623282422 0.5235258824734236 0.5733489788568197 0.5526991391952023 0.6030876819561781 
101.00000818863775 101.0 0.0 66.36664584634573 22.19180280655703 1.8989656671211992 2.2791394808018364 1.711282063439058 2.176836607898817 
102.00000818863778 102.0 0.0 67.0362273579014 22.45598331755421 2.0150100335995216 2.3141409309820915 2.0824369766106794 2.3401583093392464 
103.0000081886378 103.0 0.0 67.72142410993108 22.702639647641124 1.7816645578954637 2.2238453135237166 2.010149134057145 2.2852133392015923 
104.00000818863784 104.0 0.0 68.39038101186733 22.925981602043578 1.633686410704561 2.1825134499795213 1.8596328450093929 2.210981576173664 
105.00000818863786 105.0 0.0 69.08119925046877 23.134463524380752 1.5523554744276233 2.1522228322940373 1.7181082254996567 2.1541759934297966 
106.00000818863789 106.0 0.0 69.75515302935658 23.33613105234439 1.5030995182890947 2.116312439378083 1.5889959875158453 2.1100143393130906 
107.00000818863792 107.0 0.0 70.4484697064339 23.568702747907643 1.4638859328513993 2.07444734984099 1.5168195100012938 2.0751300798183743 
108.00000818863795 108.0 0.0 71.13554028732085 23.80146513029268 1.4271590279296096 2.0331444429377235 1.468025304399983 2.039556454662129 
109.00000818863798 109.0 0.0 71.81698938163686 24.043416171178983 1.3924660744892825 1.9910643389833929 1.4273866680131633 2.003072700803608 
110.000008188638 110.0 0.0 72.49718925671503 24.296762095900636 1.356757122630144 1.9454526887366639 1.3883158681840988 1.9635862989919264 
111.00000818863803 111.0 0.0 73.1661461586513 24.582918423188353 1.3188398552854355 1.8983705699300153 1.3485998163292503 1.918466779954376 
112.00000818863806 112.0 0.0 73.8176139912553 24.857478040891525 1.2823589445722607 1.845282939101616 1.3091029454412089 1.8691073854445572 
113.00000818863809 113.0 0.0 74.48782011242955 25.123395626539363 1.2434431364802607 1.787710804362718 1.2704330785840163 1.819336038456229 
114.00000818863812 114.0 0.0 75.15115552779484 25.3722464067809 1.200631306363147 1.7247543819113036 1.229913604150904 1.761305293654484 
115.00000818863815 115.0 0.0 75.8369768894438 25.620992991199405 1.1578363611506262 1.6563616573278959 1.1895678358416757 1.7060277959973422 
116.00000818863818 116.0 0.0 76.50905683947528 25.837135564384596 1.1103292656596544 1.5810708145945898 1.1502471453761263 1.6475842333878166 
117.0000081886382 117.0 0.0 77.20424734540892 26.052281703313138 1.0611515292620863 1.5001698052338353 1.1081876485577398 1.5803604646102871 
118.00000818863823 118.0 0.0 77.89256714553385 26.254136835328364 1.0103474812753312 1.4148547534847682 1.0635770266216311 1.509441566224511 
119.00000818863826 119.0 0.0 78.57401623984985 26.474391861235077 0.95676484641594 1.3242097790643887 1.0157290418596494 1.4323498041210845 
120.00000818863829 120.0 0.0 79.25796377264261 26.70829062484502 0.9002412538431096 1.2300556176940818 0.9689532260104097 1.3567276304891178 
121.00000818863832 121.0 0.0 79.95440349781418 26.962168767730745 0.8418891116853878 1.1335239904619259 0.9167863371603142 1.2719442879300222 
122.00000818863835 122.0 0.0 80.62648344784527 27.226970051561494 0.7831019047001307 1.0355421000327736 0.8664414911577158 1.188764791954487 
123.00000818863838 123.0 0.0 81.30293566520928 27.52299125506688 0.7232161025628392 0.9363166300192399 0.8143207118944175 1.099022588702077 
124.0000081886384 124.0 0.0 81.95252966895673 27.814883518707656 0.6621640535627479 0.8388193091915866 0.7629427581605391 1.0103335088029939 
125.00000818863843 125.0 0.0 82.6346033728922 28.11544552124745 0.6044020212750784 0.7435096480767038 0.7127856525206584 0.9222048915644974 
126.00000818863846 126.0 0.0 83.30543410368517 28.390289302894743 0.5522032465330596 0.6510404685653226 0.6642474955412273 0.836921159734242 
127.00000818863849 127.0 0.0 83.99562773266689 28.66885253844896 0.5092585462676864 0.5638131744438266 0.6175456831184648 0.7492386948837562 
128.0000081886385 128.0 0.0 84.69831355402887 28.912035615018898 0.4734104478805306 0.48791823136542667 0.574857038684225 0.6660388812782702 
129.00000818863853 129.0 0.0 85.41599000624583 29.130449604492902 0.44510472453595185 0.42459962416983316 0.5345866113054896 0.582361474378258 
130.00000818863856 130.0 0.0 86.14428482198646 29.344395442380726 0.42681147370867256 0.37639885303532017 0.4954990389266725 0.5097559491871971 
131.0000081886386 131.0 0.0 86.87382885696422 29.59430385890495 0.4188610748695604 0.3510452257843981 0.463813777292672 0.4442217197072157 
132.00000818863862 132.0 0.0 87.59275452841955 29.82474304114506 0.42001532041046397 0.34286296906293334 0.4398996617642551 0.39327034217366325 
133.00000818863865 133.0 0.0 88.31168019987477 30.081363329105656 0.4268118998580727 0.34976259351321015 0.42266352656089806 0.35907858207755866 
134.00000818863867 134.0 0.0 88.99875078076171 30.354056540081757 0.43747482170939395 0.36593863103456326 0.4141416126934712 0.34318645673604314 
135.0000081886387 135.0 0.0 89.68956901936261 30.65135310841401 0.44904285596679977 0.3822512433153642 0.4153642044311156 0.3427849915340718 
136.00000818863873 136.0 0.0 90.35540287320423 30.931625965235206 0.46101236780857613 0.39442718865266296 0.42097985386895376 0.3497421962553498 
137.00000818863876 137.0 0.0 91.04559650218582 31.208409037623092 0.4707127061953259 0.39963214855637685 0.435654908844409 0.3637521281481259 
138.0000081886388 138.0 0.0 91.72329793878835 31.480672850445988 0.47650901206964535 0.40161946896459094 0.45231850051047295 0.38061653615759655 
139.00000818863882 139.0 0.0 92.39163023110565 31.751726801910852 0.47924483688315855 0.4001268034860464 0.46850783393273776 0.3986635022277326 
140.00000818863884 140.0 0.0 93.09181761399073 32.00054201504588 0.4787447222589751 0.3968259315359658 0.48172114425787504 0.40822273385929725 
141.00000818863887 141.0 0.0 93.79325421611533 32.24735034798916 0.4768068365264512 0.39345181791279266 0.49058669621205303 0.41046222866917054 
142.0000081886389 142.0 0.0 94.49656464709562 32.46715870600606 0.4751761327692704 0.38987555985952427 0.4954696397990274 0.409470686323429 
143.00000818863893 143.0 0.0 95.20799500312312 32.692886627521496 0.47360441621007626 0.3864580982338394 0.49811096663653104 0.40764539663915816 
144.00000818863896 144.0 0.0 95.91317926296077 32.92668875621214 0.4721762584769393 0.3821902900749642 0.4992321423829585 0.40527317351548253 
145.000008188639 145.0 0.0 96.62460961898766 33.186380775675616 0.4720528094869653 0.37892012267635317 0.5010876622771895 0.40424947808075173 
146.00000818863901 146.0 0.0 97.30418488444691 33.443561244666974 0.47210734732775633 0.3796859785907885 0.501302351844211 0.40417606460190986 
147.00000818863904 147.0 0.0 97.99000624609656 33.72096751373626 0.47200278688613967 0.3813765434620829 0.5008410959723258 0.4041910024714989 
148.00000818863907 148.0 0.0 98.64647095565245 33.9963408192789 0.469558925116901 0.3799669096392703 0.5004997571840125 0.4051454739297852 
149.0000081886391 149.0 0.0 99.30293566520963 34.25890464720786 0.4689628168694015 0.37993147043958553 0.5008390882368056 0.40695662495140367 
150.00000818863913 150.0 0.0 99.97001873828911 34.52352966546362 0.466753116412317 0.3784933467475379 0.4994689915749889 0.40702918258389187 
151.00000818863916 151.0 0.0 100.6402248594625 34.80948837528971 0.4646238294041399 0.3755368541292623 0.4955669452021026 0.4043340415722999 
152.00000818863919 152.0 0.0 101.31542785758869 35.064687622770144 0.46345584550252295 0.3746393569924357 0.4939256925413251 0.40243592697760866 
153.0000081886392 153.0 0.0 102.01998750780807 35.30840339423254 0.462456996180894 0.37399029098813125 0.49210515889399303 0.40089588232589884 
154.00000818863924 154.0 0.0 102.73329169269171 35.53441215526846 0.4616013997267013 0.37418602471930945 0.4925953559204624 0.40206276553873815 
155.00000818863927 155.0 0.0 103.46970643347876 35.77449144259432 0.45954378840098203 0.37537117626780375 0.4917754492979565 0.4033082603717236 
156.0000081886393 156.0 0.0 104.17239225484064 36.0207094924023 0.45925007489618164 0.3782658258475632 0.4919418088584063 0.40456619426652396 
157.00000818863933 157.0 0.0 104.88444722048705 36.285083219001315 0.4587237542147966 0.3794779383030951 0.4916364642495861 0.4061902652803736 
158.00000818863936 158.0 0.0 105.59150530918208 36.5374024500254 0.45827246910228664 0.38004726479392187 0.49206214738258747 0.4090045645868 
159.00000818863938 159.0 0.0 106.26983135540289 36.810438676196696 0.4593131502773124 0.3832890572203196 0.4901059877981966 0.41011373395624673 
160.0000081886394 160.0 0.0 106.9462835727667 37.09738350264119 0.4607262874664406 0.38516572665518767 0.48948089619673674 0.4104071333460427 
161.00000818863944 161.0 0.0 107.62273579013154 37.40203982085416 0.46266558380328604 0.38835190532376057 0.4902794449545812 0.41262963817825915 
162.00000818863947 162.0 0.0 108.29044347282922 37.68371617642969 0.4643565380283217 0.3920463097642566 0.48950870846855715 0.4160309665596334 
163.0000081886395 163.0 0.0 108.98063710181071 37.95178190604312 0.4657197298069178 0.39623065895165627 0.4879949260078341 0.41962076734364007 
164.00000818863953 164.0 0.0 109.67895065583954 38.18112246776146 0.46624971770099 0.4017147718159876 0.48575657813962425 0.42164528625986775 
165.00000818863955 165.0 0.0 110.41599000624545 38.40684306422356 0.4660245929966248 0.40588406730395926 0.48288960668406217 0.42312137162218294 
166.00000818863958 166.0 0.0 111.14615865084255 38.59259805062764 0.46629562219079923 0.4104498539183138 0.4820361778219906 0.4258773215319069 
167.0000081886396 167.0 0.0 111.88757026858157 38.794408123532584 0.46738309287917473 0.41398219313099016 0.48217321843881555 0.43166018898148495 
168.00000818863964 168.0 0.0 112.60899437851405 39.007284820281924 0.4690108116437923 0.41834120627601146 0.4834856067467355 0.43684932153866496 
169.00000818863967 169.0 0.0 113.31605246720756 39.225661860665284 0.4705373929881303 0.42120276662262496 0.4858641870233869 0.44211430228634224 
170.0000081886397 170.0 0.0 114.01936289818933 39.4540904070015 0.47369059675746045 0.42642147991377005 0.4868664954598094 0.44670037810393676 
171.00000818863973 171.0 0.0 114.71080574640777 39.7292485382353 0.47563952124175685 0.43021970415042815 0.48902897698855224 0.4522708396303168 
172.00000818863975 172.0 0.0 115.3703935040595 40.013789471975265 0.47791587288812876 0.43491378605994196 0.4899159305378083 0.4571524608639962 
173.00000818863978 173.0 0.0 116.02998126171086 40.32014509599564 0.480855783394984 0.4429681016598497 0.49388475531781567 0.46170173343412646 
174.0000081886398 174.0 0.0 116.67895065583949 40.62039959057755 0.48397713707896584 0.44927851347143877 0.49738230766215863 0.4674646303739634 
175.00000818863984 175.0 0.0 117.3554028732045 40.919255673255186 0.4862870819417725 0.4555687812173918 0.5010251779391248 0.4730703479986131 
176.00000818863987 176.0 0.0 118.02123672704504 41.1726644598034 0.48744912182677974 0.46134289671266554 0.5033708270617079 0.47883470032085645 
177.0000081886399 177.0 0.0 118.7282948157397 41.42107561559721 0.4871433546975928 0.4656578847251959 0.5064154896565639 0.48574205969901496 
178.00000818863992 178.0 0.0 119.44597126795796 41.62931341400765 0.4862441689699752 0.4700853806599037 0.5074104244152238 0.48986752183287324 
179.00000818863995 179.0 0.0 120.16489693941318 41.820617427353476 0.4861208277811914 0.47542060416627974 0.5086281274442921 0.4943554947050256 
180.00000818863998 180.0 0.0 120.88069956277273 42.030035492613 0.48725679462494337 0.4807515160189033 0.5096964225993796 0.5004842814643514 
181.00000818864 181.0 0.0 121.60274828232401 42.26854140424319 0.4876842553532829 0.4832177292967242 0.5122736979144731 0.5061454080602302 
182.00000818864004 182.0 0.0 122.30980637101862 42.499355407170526 0.4872513995847263 0.4865070287510011 0.5130734793290735 0.5119290329208471 
183.00000818864007 183.0 0.0 123.01311680199932 42.769796034608014 0.4871252183060423 0.49152705419115117 0.5147757659361618 0.51610946984715 
184.0000081886401 184.0 0.0 123.68894440974437 43.0592113716397 0.4856478650713753 0.496147727437914 0.5159307823996395 0.5224535519232292 
185.00000818864012 185.0 0.0 124.36789506558335 43.372819180092414 0.4860903512317996 0.5016814891455673 0.5158911887207638 0.5266630114896614 
186.00000818864015 186.0 0.0 125.02623360399822 43.65175324506313 0.4889595769415779 0.5084120143811066 0.5171425475023667 0.531638700465038 
187.00000818864018 187.0 0.0 125.69956277326762 43.94986127462432 0.49218512985672047 0.5153631444151293 0.5185984526476193 0.5371663721722115 
188.0000081886402 188.0 0.0 126.35852592129885 44.23057628864616 0.4941419675609124 0.5212067135576316 0.5199755583987676 0.5418733460450241 
189.00000818864024 189.0 0.0 127.02248594628382 44.47924509325889 0.4955803933151033 0.5261529761045575 0.5222798093907324 0.5480501126368018 
190.00000818864027 190.0 0.0 127.71018113678902 44.69241772974071 0.49898293225251256 0.5328706978147834 0.5239536520910741 0.5537444918068997 
191.0000081886403 191.0 0.0 128.4109931292935 44.92039880806481 0.5017795270391896 0.5368934177159204 0.5270874517146412 0.560093062162796 
192.00000818864032 192.0 0.0 129.1093066833224 45.11993649797733 0.5039935960652384 0.540744035211413 0.5299747302380007 0.5654473149264769 
193.00000818864035 193.0 0.0 129.8213616489688 45.33818002958182 0.5063933065357161 0.5437827482196567 0.5337835296007273 0.5716053227289182 
194.00000818864038 194.0 0.0 130.5140537164277 45.56476114959466 0.5083799228405272 0.5472499125763848 0.5361259794461184 0.5773412733742247 
195.0000081886404 195.0 0.0 131.22048719550216 45.81142848692344 0.5108404111229039 0.5523412435750635 0.5387621387655485 0.5818514317778086 
196.00000818864044 196.0 0.0 131.8869456589628 46.06414370991456 0.5128363438177419 0.5563259394424354 0.5409362073418157 0.5869427871008819 
197.00000818864046 197.0 0.0 132.56839475327976 46.3589174321842 0.5152176592703337 0.5614072458196561 0.5433905581299696 0.5910062712252884 
198.0000081886405 198.0 0.0 133.24172392254906 46.638392532615214 0.5179039975690289 0.565674797296089 0.5460600968170062 0.5938954332840397 
199.00000818864052 199.0 0.0 133.9069331667709 46.92358903740348 0.5218011482501235 0.5691742307864893 0.5488975390887505 0.5981403738711274 
200.00000818864055 200.0 0.0 134.5790131168014 47.19000327691716 0.5242128150413812 0.5714935928010134 0.5528570457017759 0.6031573996231839 
201.00000818864058 201.0 0.0 135.2517176764522 47.45001025932707 1.4950160745417422 2.014385142034713 1.356541347687815 1.908109125140389 
202.0000081886406 202.0 0.0 135.92379762648275 47.676440089094584 2.020378663308841 2.3221921182725973 2.023417097835516 2.3310900085993986 
203.00000818864063 203.0 0.0 136.61149281698994 47.87991716609992 1.788442679188237 2.2335984414750394 1.96121610432213 2.285738877709399 
204.00000818864066 204.0 0.0 137.2904434728292 48.072197940865 1.6417245121579145 2.1929178883433105 1.8304528896656762 2.229785071317057 
205.0000081886407 205.0 0.0 137.97501561524052 48.288216734420686 1.5611280560310694 2.1627433965078446 1.6956873654187676 2.1752471090050567 
206.00000818864072 206.0 0.0 138.63960024984362 48.505264207507324 1.5123235231206291 2.1266977610026476 1.5783749966731189 2.129723027094566 
207.00000818864075 207.0 0.0 139.32916926920632 48.746060916467286 1.472815645063294 2.0848469173830675 1.5223505918537903 2.090989503339623 
208.00000818864078 208.0 0.0 139.99687695190568 49.00895954048057 1.436186602384609 2.0435336919360574 1.4782294490141648 2.052959865575801 
209.0000081886408 209.0 0.0 140.63835103060686 49.28347596587734 1.4012162460151847 2.0015073982584504 1.4377025286369962 2.0177167801728353 
210.00000818864083 210.0 0.0 141.2904434728292 49.55324121453319 1.3654675580738675 1.9560376885089636 1.3990084787989745 1.978527600090696 
211.00000818864086 211.0 0.0 141.94753279200535 49.83274270468757 1.3274074465216459 1.9090588620831925 1.359792144940935 1.9320314059639732 
212.0000081886409 212.0 0.0 142.60399750156085 50.08653096402238 1.290548591894866 1.855946962272681 1.3188564000299625 1.8815678255352717 
213.00000818864092 213.0 0.0 143.2848219862593 50.32338001102392 1.2517273201616734 1.7979565474813737 1.280141536936569 1.8302921916612032 
214.00000818864095 214.0 0.0 143.96064959400442 50.54208964395697 1.2085674882995272 1.7351325691379809 1.2394545638997947 1.7716652140972784 
215.00000818864098 215.0 0.0 144.67207995003054 50.75590385594184 1.1657954329155737 1.6668443441588732 1.1982390674947512 1.7147964586646358 
216.000008188641 216.0 0.0 145.35477826358434 50.95385465022664 1.117957384004512 1.591092947281571 1.1582987691224262 1.6550516333916798 
217.00000818864103 217.0 0.0 146.04309806371015 51.181881719960195 1.068560372645803 1.510132777310544 1.1137032677670882 1.5865048084181932 
218.00000818864106 218.0 0.0 146.71767645221632 51.41048281817393 1.0179310337722307 1.424415480267958 1.0683594050784309 1.5144476185305176 
219.0000081886411 219.0 0.0 147.38288569644013 51.648114020916026 0.964216138512444 1.333593286369434 1.019538422870231 1.434643557177001 
220.00000818864112 220.0 0.0 148.03935040599558 51.90922678655289 0.9076276390414252 1.2393064113098624 0.9691169582243009 1.3568678419788887 
221.00000818864115 221.0 0.0 148.69144284822008 52.20695339683583 0.8493458319356889 1.1425458618778315 0.9167035809802292 1.2740836618474822 
222.00000818864117 222.0 0.0 149.33229231730252 52.49643571524163 0.7903218818763502 1.044116670242738 0.8674782598542871 1.1904828576556423 
223.0000081886412 223.0 0.0 150.00999375390302 52.779114240980434 0.7302002691555796 0.9445893634113642 0.8147812695006178 1.1001809948123216 
224.00000818864123 224.0 0.0 150.68707058088717 53.04387466028147 0.6697032484970269 0.8469432925097123 0.7626585412984086 1.011088208546363 
225.00000818864126 225.0 0.0 151.38913179263005 53.31041508756288 0.6106992887803987 0.7514467119618387 0.7120171047942659 0.9224723360382374 
226.0000081886413 226.0 0.0 152.08307307932617 53.543159876405134 0.5570759803505992 0.6588209258519981 0.6635268219867715 0.8365715111426097 
227.00000818864132 227.0 0.0 152.80824484696976 53.7733329074925 0.5128619572800072 0.5711085220402702 0.6174339447662563 0.7485571585833665 
228.00000818864135 228.0 0.0 153.52342286071217 53.99314407660195 0.4753877800023644 0.49362752333996573 0.5741580704660765 0.66577479960042 
229.00000818864137 229.0 0.0 154.23173016864445 54.22478116661381 0.44555691797125374 0.4290409750760948 0.5335979891435394 0.5820406567659412 
230.0000081886414 230.0 0.0 154.94378513429086 54.467851416352104 0.42627213141969733 0.379087337741975 0.49479098077007816 0.5089982975006989 
231.00000818864143 231.0 0.0 155.66146158650852 54.729222725272 0.4178542524998402 0.3516269467470184 0.4631618264764345 0.4433350168534926 
232.00000818864146 232.0 0.0 156.35227982510906 54.993643463237 0.41809734454284064 0.3419920899765929 0.4393136223910339 0.39268788996396864 
233.0000081886415 233.0 0.0 157.04309806371015 55.290969121512134 0.42458904757045957 0.3475779377886461 0.4225477912772971 0.35825508137538253 
234.00000818864152 234.0 0.0 157.71517801374065 55.5868583905756 0.4361424087958215 0.3641641885408743 0.4142592570514767 0.34246515211070405 
235.00000818864154 235.0 0.0 158.4103685196753 55.88908316859909 0.4475257868872979 0.3807415646062411 0.41618856884406136 0.34199501614917677 
236.00000818864157 236.0 0.0 159.08494690818196 56.16598418538389 0.4605520305396848 0.3935424065061367 0.42190717850518766 0.34922542877434076 
237.0000081886416 237.0 0.0 159.77951280449787 56.44876641710156 0.47065752437507025 0.3992956964260331 0.43624743199804256 0.36376425248320016 
238.00000818864163 238.0 0.0 160.4784509681443 56.694132779318664 0.47700191731746977 0.40182923013311744 0.45349099834387147 0.3800106135827779 
239.00000818864166 239.0 0.0 161.18988132417286 56.91231345278814 0.48078504008956163 0.4013904923656785 0.4697867732344801 0.3980226339543385 
240.0000081886417 240.0 0.0 161.9131792629605 57.125535730078596 0.48086383666423044 0.39867170275517205 0.4825763963441913 0.4082814000385595 
241.00000818864171 241.0 0.0 162.6202373516556 57.36820277988172 0.47922096484843396 0.39589110840076724 0.49096137524832373 0.4108295387450858 
242.00000818864174 242.0 0.0 163.32792004996955 57.60074241043777 0.47746580633158725 0.39263042876352194 0.49583457450477864 0.41000993534924746 
243.00000818864177 243.0 0.0 164.03372891942504 57.8550569237382 0.4753472234645723 0.3882864576731607 0.4991023547010849 0.4098144845634222 
244.0000081886418 244.0 0.0 164.7108057464082 58.1282477751811 0.4728338961616259 0.38257648396629146 0.4998549557779347 0.4082890387577806 
245.00000818864183 245.0 0.0 165.3953778888195 58.4245278425316 0.47216053655096885 0.37826225525799656 0.5015007041490488 0.40809686370256576 
246.00000818864186 246.0 0.0 166.04809494066149 58.70240250987176 0.4724135382600858 0.37898850579035037 0.5005247171268313 0.40658620049941896 
247.00000818864189 247.0 0.0 166.71767645221706 58.974880191465736 0.47224579968847696 0.38072802818995927 0.49931893854893705 0.40600600644843593 
248.0000081886419 248.0 0.0 167.37414116177388 59.24609106010708 0.4700059679835532 0.37953192599652347 0.4976809671022339 0.4057643382926191 
249.00000818864194 249.0 0.0 168.02311055590286 59.51177480607009 0.4692771104427842 0.37948405535551627 0.4961116081070287 0.40645680799881256 
250.00000818864197 250.0 0.0 168.70893191755232 59.751999769220824 0.4670860141425623 0.37791982290996323 0.49544344952175795 0.4061028160927199 
#####################################################################
# End of data export. Simulation finished at: 2020-02-28T10:51+0000 #
#####################################################################
