#####################################################################
# Alchemist log file - simulation started at: 2020-02-29T07:57+0000 #
#####################################################################
# seed = 93.0, reactivity = 1.2, speed = 0
#
# The columns have the following meaning: 
# time classicrc[Mean] classicrc[StandardDeviation] reactiverc[Mean] reactiverc[StandardDeviation] errorclassic[Mean] errorclassic[StandardDeviation] errorreactive[Mean] errorreactive[StandardDeviation] 
0.0 NaN NaN NaN NaN NaN NaN NaN NaN 
1.0000061414769124 1.0 0.0 1.0 0.0 NaN NaN NaN NaN 
2.0000061414769115 2.0 0.0 1.4078700811992504 0.4915923342674859 NaN NaN NaN NaN 
3.0000061414769132 3.0 0.0 1.9094316052467213 0.3871914761787594 NaN NaN NaN NaN 
4.000006141476915 4.0 0.0 2.0587133041848826 0.6044010203326303 NaN NaN NaN NaN 
5.000006141476911 5.0 0.0 2.369144284821984 0.909957323061841 NaN NaN NaN NaN 
6.0000061414769075 6.0 0.0 2.879450343535288 1.2549237816253855 NaN NaN NaN NaN 
7.000006141476904 7.0 0.0 3.522798251093068 1.533259979552371 NaN NaN NaN NaN 
8.0000061414769 8.0 0.0 4.245471580262335 1.716560818351056 NaN NaN NaN NaN 
9.000006141476907 9.0 0.0 5.024359775140535 1.761400360645176 NaN NaN NaN NaN 
10.000006141476915 10.0 0.0 5.780137414116175 1.6636947529837176 NaN NaN NaN NaN 
11.000006141476922 11.0 0.0 6.464709556527172 1.5732641406371812 0.3663041075937785 0.3597609342979518 0.32615981449413023 0.2849896047097867 
12.000006141476929 12.0 0.0 7.066208619612741 1.5825181449040837 0.3082906723161084 0.2597410506796601 0.27499320738902483 0.20138199283911323 
13.000006141476936 13.0 0.0 7.592129918800748 1.6879463922502251 0.27304760361332153 0.20003761775604983 0.25110220314722126 0.15993184829624324 
14.000006141476943 14.0 0.0 8.078076202373516 1.8369881046674144 0.2509475913814822 0.1628072842264354 0.2368430832066807 0.13756760254722 
15.00000614147695 15.0 0.0 8.55153029356652 1.9570383796027078 0.23767214365072317 0.1426436430740108 0.22896191935687688 0.12661615064878412 
16.000006141476955 16.0 0.0 9.021861336664585 2.101522491733189 0.22978328668125664 0.13163319949773386 0.22448737217735085 0.12087218133781019 
17.00000614147694 17.0 0.0 9.507183010618363 2.2037138249126507 0.22433262235222343 0.12490888817926239 0.2223458253818111 0.1189246080309869 
18.000006141476927 18.0 0.0 9.95065584009994 2.236780863675507 0.22098722230032972 0.12135390539153977 0.22067925085524734 0.11836796918207361 
19.000006141476913 19.0 0.0 10.372891942535915 2.2223837863747313 0.21909487134158226 0.11938098458310194 0.2203954656265189 0.11769258356936936 
20.0000061414769 20.0 0.0 10.79200499687695 2.153157226022986 0.2181624344920177 0.11850821278688803 0.21998724359929217 0.11791741383175885 
21.000006141476884 21.0 0.0 11.166146158650843 2.132165143961474 0.2178916992224618 0.11815090403923983 0.21918166512958762 0.11782104253390772 
22.00000614147687 22.0 0.0 11.48719550281074 2.16967559611564 0.2178163525402691 0.11800747659373939 0.218545936662715 0.11806619921892308 
23.000006141476856 23.0 0.0 11.748906933166774 2.2568036837434957 0.2178031651215805 0.1179791691306472 0.21849954246966563 0.1178311589042599 
24.00000614147684 24.0 0.0 11.998750780762025 2.3659033028583227 0.21780302898399903 0.11797909332817097 0.21836402352381698 0.11800818644823524 
25.000006141476828 25.0 0.0 12.268582136164898 2.48501882304857 0.21780302898399903 0.11797909332817097 0.21996776371494103 0.11696432032551023 
26.000006141476813 26.0 0.0 12.579013116801995 2.6329943553780897 0.21780302898399903 0.11797909332817097 0.2202863617858537 0.11648748317345303 
27.0000061414768 27.0 0.0 12.931917551530296 2.7712338196547033 0.21780302898399903 0.11797909332817097 0.22071270670842866 0.11650482361430259 
28.000006141476785 28.0 0.0 13.32729544034978 2.8727705692041323 0.21780302898399903 0.11797909332817097 0.2205758909970875 0.11670800396975518 
29.00000614147677 29.0 0.0 13.739537788881947 2.912085513206541 0.21780302898399903 0.11797909332817097 0.2205714057183011 0.11660943791512057 
30.000006141476756 30.0 0.0 14.164272329793882 2.902993754004661 0.21780302898399903 0.11797909332817097 0.21970719709448797 0.11723834126426466 
31.000006141476742 31.0 0.0 14.576514678326044 2.864750965606032 0.21780302898399903 0.11797909332817097 0.22010698320167535 0.11711793711901443 
32.00000614147673 32.0 0.0 14.9843847595253 2.8311448235418064 0.21780302898399903 0.11797909332817097 0.2196411355431242 0.11770779933608111 
33.00000614147676 33.0 0.0 15.357276702061213 2.8308167688872157 0.21780302898399903 0.11797909332817097 0.21906581993676716 0.11779852819042072 
34.00000614147679 34.0 0.0 15.674578388507182 2.8861149644041677 0.21780302898399903 0.11797909332817097 0.2185833627516505 0.1180498719934387 
35.00000614147682 35.0 0.0 15.936289818863209 2.9878401021394208 0.21780302898399903 0.11797909332817097 0.2185228926069115 0.11790878912482397 
36.000006141476845 36.0 0.0 16.183635227982514 3.126100930369687 0.21780302898399903 0.11797909332817097 0.21883589241333076 0.1176778750388904 
37.000006141476874 37.0 0.0 16.474703310430982 3.2855008640305075 0.21780302898399903 0.11797909332817097 0.22016822379020268 0.11674310589183964 
38.0000061414769 38.0 0.0 16.805121798875707 3.4301237223722425 0.21780302898399903 0.11797909332817097 0.21983360801508467 0.11674647278029858 
39.00000614147693 39.0 0.0 17.16427232979388 3.5496299434997582 0.21780302898399903 0.11797909332817097 0.2209964759941414 0.11661186836017387 
40.00000614147696 40.0 0.0 17.58775765146784 3.6216294718303876 0.21780302898399903 0.11797909332817097 0.2206480673610125 0.11649677044293659 
41.00000614147699 41.0 0.0 18.017489069331663 3.6511565210610466 0.21780302898399903 0.11797909332817097 0.22005875271190423 0.11694793761348608 
42.000006141477016 42.0 0.0 18.42161149281699 3.6589284840603047 0.21780302898399903 0.11797909332817097 0.22002537856392035 0.11707298153784285 
43.000006141477044 43.0 0.0 18.825109306683327 3.6343010509133227 0.21780302898399903 0.11797909332817097 0.21986778334432625 0.1174996139416191 
44.00000614147707 44.0 0.0 19.215490318550906 3.6229007576888477 0.21780302898399903 0.11797909332817097 0.21952649383805395 0.11758851348842461 
45.0000061414771 45.0 0.0 19.56714553404122 3.6454622353594233 0.21780302898399903 0.11797909332817097 0.21874303756489413 0.11789508286383724 
46.00000614147713 46.0 0.0 19.847595252966897 3.731019736757969 0.21780302898399903 0.11797909332817097 0.21862344886343432 0.11782408190952631 
47.00000614147716 47.0 0.0 20.09618988132418 3.85998597457589 0.21780302898399903 0.11797909332817097 0.21843599360983737 0.11793248279151086 
48.000006141477186 48.0 0.0 20.357276702061217 4.006996827926501 0.21780302898399903 0.11797909332817097 0.2196110359433975 0.11726297494778248 
49.000006141477215 49.0 0.0 20.660212367270457 4.170967777970954 0.21780302898399903 0.11797909332817097 0.21991245213641242 0.11674163295831234 
50.00000614147724 50.0 0.0 21.010618363522795 4.293222819734325 0.21780302898399903 0.11797909332817097 0.21988696909532154 0.11677629640192759 
51.00000614147727 51.0 0.0 21.395377888819482 4.3996253957281075 0.21780302898399903 0.11797909332817097 0.22065580843557814 0.11644972638051519 
52.0000061414773 52.0 0.0 21.83010618363523 4.483566443270136 0.21780302898399903 0.11797909332817097 0.22060860202510896 0.11661536417196394 
53.00000614147733 53.0 0.0 22.23297938788257 4.513458948544895 0.21780302898399903 0.11797909332817097 0.21980826088459637 0.11711087581021655 
54.00000614147736 54.0 0.0 22.62523422860712 4.515607692850173 0.21780302898399903 0.11797909332817097 0.21991809378099594 0.11701973842836548 
55.000006141477385 55.0 0.0 23.019987507807613 4.4903619286026215 0.21780302898399903 0.11797909332817097 0.219949378428586 0.11767568584049258 
56.000006141477414 56.0 0.0 23.39662710805747 4.496466792548309 0.21780302898399903 0.11797909332817097 0.21926608166585737 0.11779249801874896 
57.00000614147744 57.0 0.0 23.7264209868832 4.5583832380745815 0.21780302898399903 0.11797909332817097 0.21855696717925308 0.11807137371028058 
58.00000614147747 58.0 0.0 23.991255465334163 4.658451833530289 0.21780302898399903 0.11797909332817097 0.21849954246966563 0.1178311589042599 
59.0000061414775 59.0 0.0 24.24109931292942 4.789111064775562 0.21780302898399903 0.11797909332817097 0.21836402352381698 0.11800818644823524 
60.00000614147753 60.0 0.0 24.514678326046216 4.934692560037153 0.21780302898399903 0.11797909332817097 0.21999289946268857 0.11694203713098308 
61.000006141477556 61.0 0.0 24.837601499063087 5.092505301283236 0.21780302898399903 0.11797909332817097 0.22033722007253706 0.11644487977156344 
62.000006141477584 62.0 0.0 25.2054965646471 5.232314953144028 0.21780302898399903 0.11797909332817097 0.22072342031357628 0.1164976201040018 
63.00000614147761 63.0 0.0 25.60961898813242 5.336490646224281 0.21780302898399903 0.11797909332817097 0.22059731820738288 0.1166971340333033 
64.00000614147764 64.0 0.0 26.02560899437852 5.387134560183084 0.21780302898399903 0.11797909332817097 0.2205656145994928 0.11661268601235444 
65.00000614147758 65.0 0.0 26.44159900062461 5.403632430282362 0.21780302898399903 0.11797909332817097 0.2196352036744752 0.11727045668178948 
66.00000614147753 66.0 0.0 26.834478450968145 5.393812241211344 0.21780302898399903 0.11797909332817097 0.2200249784474134 0.11716774665397289 
67.00000614147747 67.0 0.0 27.230480949406616 5.392005223573418 0.21780302898399903 0.11797909332817097 0.21963624445152796 0.11772107937766323 
68.00000614147741 68.0 0.0 27.594628357276708 5.413750652497804 0.21780302898399903 0.11797909332817097 0.2189976419213536 0.11782857648057435 
69.00000614147736 69.0 0.0 27.899437851342917 5.481378105348265 0.21780302898399903 0.11797909332817097 0.2185833627516505 0.1180498719934387 
70.0000061414773 70.0 0.0 28.153653966271087 5.594763239198393 0.21780302898399903 0.11797909332817097 0.2185228926069115 0.11790878912482397 
71.00000614147724 71.0 0.0 28.402873204247342 5.737548844196251 0.21780302898399903 0.11797909332817097 0.21883589241333076 0.1176778750388904 
72.00000614147719 72.0 0.0 28.698313554028726 5.905044741923835 0.21780302898399903 0.11797909332817097 0.22016822379020268 0.11674310589183964 
73.00000614147713 73.0 0.0 29.03247970018738 6.057965368813517 0.21780302898399903 0.11797909332817097 0.21981155697476795 0.11677413614074741 
74.00000614147707 74.0 0.0 29.38850718301061 6.193058035623795 0.21780302898399903 0.11797909332817097 0.22095237391350747 0.11665147846073023 
75.00000614147702 75.0 0.0 29.816364772017486 6.279232200425376 0.21780302898399903 0.11797909332817097 0.22069428457775078 0.11650061524142734 
76.00000614147696 76.0 0.0 30.242973141786383 6.316668596254107 0.21780302898399903 0.11797909332817097 0.2200817641983794 0.11693885200804682 
77.0000061414769 77.0 0.0 30.640849469081825 6.335539067668287 0.21780302898399903 0.11797909332817097 0.2199906150383867 0.1170861859262567 
78.00000614147685 78.0 0.0 31.032479700187384 6.323681238783648 0.21780302898399903 0.11797909332817097 0.21981579783453617 0.11751640854395849 
79.00000614147679 79.0 0.0 31.410993129294198 6.325719648828695 0.21780302898399903 0.11797909332817097 0.2195352129491944 0.11759330052600576 
80.00000614147673 80.0 0.0 31.759525296689574 6.3600519474699215 0.21780302898399903 0.11797909332817097 0.21874305437669966 0.1178950919926642 
81.00000614147667 81.0 0.0 32.03810118675827 6.449935844041769 0.21780302898399903 0.11797909332817097 0.21862344886343432 0.11782408190952631 
82.00000614147662 82.0 0.0 32.28732042473454 6.5820699918710215 0.21780302898399903 0.11797909332817097 0.21852067288342888 0.1179029357804821 
83.00000614147656 83.0 0.0 32.56152404747032 6.718546619308939 0.21780302898399903 0.11797909332817097 0.21963346876862663 0.11724595931326595 
84.0000061414765 84.0 0.0 32.875702685821366 6.881054826227527 0.21780302898399903 0.11797909332817097 0.21991153628571072 0.11674458878468554 
85.00000614147645 85.0 0.0 33.221736414740775 7.030126402347196 0.21780302898399903 0.11797909332817097 0.21987533963947192 0.11678857952179919 
86.00000614147639 86.0 0.0 33.60462211118052 7.14662183291769 0.21780302898399903 0.11797909332817097 0.22064509483043068 0.11645597710371768 
87.00000614147633 87.0 0.0 34.03435352904435 7.229069379763839 0.21780302898399903 0.11797909332817097 0.22062968649718323 0.11661456953193487 
88.00000614147628 88.0 0.0 34.44159900062462 7.2558075664669515 0.21780302898399903 0.11797909332817097 0.2198212955119682 0.11710369119993205 
89.00000614147622 89.0 0.0 34.84197376639601 7.2580567028517535 0.21780302898399903 0.11797909332817097 0.21998587280108728 0.11700729135012787 
90.00000614147616 90.0 0.0 35.2423485321674 7.244738123697029 0.21780302898399903 0.11797909332817097 0.21984170762691954 0.1176409941766942 
91.0000061414761 91.0 0.0 35.61336664584635 7.259806899712409 0.21780302898399903 0.11797909332817097 0.21918613673341292 0.11776650835775537 
92.00000614147605 92.0 0.0 35.93816364772018 7.327212899575304 0.21780302898399903 0.11797909332817097 0.21855696717925308 0.11807137371028058 
93.00000614147599 93.0 0.0 36.20299812617114 7.42508525241438 0.21780302898399903 0.11797909332817097 0.21849954246966563 0.1178311589042599 
94.00000614147594 94.0 0.0 36.463460337289206 7.544870460689293 0.21780302898399903 0.11797909332817097 0.21842306479602044 0.11795844146297832 
95.00000614147588 95.0 0.0 36.75390381011867 7.68387264426223 0.21780302898399903 0.11797909332817097 0.2199954300823169 0.11694363185116259 
96.00000614147582 96.0 0.0 37.07807620237352 7.852039562858154 0.21780302898399903 0.11797909332817097 0.22029707539100127 0.11648126715679773 
97.00000614147577 97.0 0.0 37.442223610243595 8.005814515242465 0.21780302898399903 0.11797909332817097 0.22072342031357628 0.11650016509855214 
98.00000614147571 98.0 0.0 37.84759525296688 8.109978931913284 0.21780302898399903 0.11797909332817097 0.22047932033378206 0.11676807952942027 
99.00000614147565 99.0 0.0 38.257963772642114 8.16342686016029 0.21780302898399903 0.11797909332817097 0.22035618012039854 0.11671915937691764 
100.0000061414756 100.0 0.0 38.6689569019363 8.185450016569975 0.21780302898399903 0.11797909332817097 0.21959195509580148 0.11728581448808567 
101.00000614147554 101.0 0.0 39.05933791380389 8.182961066225841 0.21780302898399903 0.11797909332817097 0.2199994837993767 0.11714215325941851 
102.00000614147548 102.0 0.0 39.4522173641474 8.189116047701553 0.21780302898399903 0.11797909332817097 0.21967645703165511 0.11774841223348115 
103.00000614147542 103.0 0.0 39.81511555277952 8.215582534261598 0.21780302898399903 0.11797909332817097 0.2189976419213536 0.11782857648057435 
104.00000614147537 104.0 0.0 40.11930043722673 8.285160439623724 0.21780302898399903 0.11797909332817097 0.2185833627516505 0.1180498719934387 
105.00000614147531 105.0 0.0 40.37726420986884 8.397028210073763 0.21780302898399903 0.11797909332817097 0.2185228926069115 0.11790878912482397 
106.00000614147525 106.0 0.0 40.63085571517801 8.534519455118323 0.21780302898399903 0.11797909332817097 0.21883589241333076 0.1176778750388904 
107.0000061414752 107.0 0.0 40.92629606495941 8.705648415528294 0.21780302898399903 0.11797909332817097 0.22016822379020268 0.11674310589183964 
108.00000614147514 108.0 0.0 41.26483447845098 8.865583391024554 0.21780302898399903 0.11797909332817097 0.21985089524076004 0.11675645980692965 
109.00000614147508 109.0 0.0 41.62898188632104 8.999569963353593 0.21780302898399903 0.11797909332817097 0.22100348760862296 0.1166300072587611 
110.00000614147503 110.0 0.0 42.05371642723297 9.089189333600446 0.21780302898399903 0.11797909332817097 0.22036273980557786 0.1166693877937659 
111.00000614147497 111.0 0.0 42.47532792004998 9.128364977257778 0.21780302898399903 0.11797909332817097 0.2198246370067507 0.11704499520758159 
112.00000614147491 112.0 0.0 42.86071205496566 9.155938605225598 0.21780302898399903 0.11797909332817097 0.21994224358357817 0.11710096111515346 
113.00000614147486 113.0 0.0 43.2517176764522 9.148208765121273 0.21780302898399903 0.11797909332817097 0.2198668996809227 0.11751777274490913 
114.0000061414748 114.0 0.0 43.63772642098687 9.153410611766912 0.21780302898399903 0.11797909332817097 0.21961197148388462 0.11759841519588733 
115.00000614147474 115.0 0.0 43.99063085571518 9.19207741287422 0.21780302898399903 0.11797909332817097 0.21874305437669966 0.1178950919926642 
116.00000614147469 116.0 0.0 44.278575890068694 9.274688510707133 0.21780302898399903 0.11797909332817097 0.21873056096225454 0.11777760608734648 
117.00000614147463 117.0 0.0 44.54403497813867 9.39398562691981 0.21780302898399903 0.11797909332817097 0.21844670721498474 0.11792557346041044 
118.00000614147457 118.0 0.0 44.814490943160514 9.537292062284987 0.21780302898399903 0.11797909332817097 0.21963246315369292 0.11725233289250005 
119.00000614147451 119.0 0.0 45.124921923797636 9.711237550360165 0.21780302898399903 0.11797909332817097 0.21990082268056285 0.11675170250889784 
120.00000614147446 120.0 0.0 45.46470955652717 9.867441920589869 0.21780302898399903 0.11797909332817097 0.21986462603432425 0.11679314868933457 
121.0000061414744 121.0 0.0 45.845096814490944 9.978839612211729 0.21780302898399903 0.11797909332817097 0.2206252322535443 0.1164940435833308 
122.00000614147434 122.0 0.0 46.27732667083072 10.059972258850632 0.21780302898399903 0.11797909332817097 0.2202468237214531 0.11675460632940113 
123.00000614147429 123.0 0.0 46.67207995003124 10.097488610223978 0.21780302898399903 0.11797909332817097 0.21970528013969665 0.11713652474722448 
124.00000614147423 124.0 0.0 47.063710181136784 10.106851066279406 0.21780302898399903 0.11797909332817097 0.21989150978122785 0.1170308660921392 
125.00000614147417 125.0 0.0 47.459088069956266 10.099801058331007 0.21780302898399903 0.11797909332817097 0.21983893436764593 0.1176419036904004 
126.00000614147412 126.0 0.0 47.82948157401623 10.117140420769376 0.21780302898399903 0.11797909332817097 0.21918613673341292 0.11776650835775537 
127.00000614147406 127.0 0.0 48.161773891317935 10.178196689558687 0.21780302898399903 0.11797909332817097 0.21861600845145654 0.1180215587758816 
128.00000614147402 128.0 0.0 48.44347282948158 10.26094337436461 0.21780302898399903 0.11797909332817097 0.21851649523189304 0.11781789103922775 
129.00000614147413 129.0 0.0 48.70643347907557 10.384363959072232 0.21780302898399903 0.11797909332817097 0.2183747371289649 0.11800128808822433 
130.00000614147424 130.0 0.0 48.991255465334156 10.540039064696163 0.21780302898399903 0.11797909332817097 0.2199784773200889 0.11695974839159486 
131.00000614147436 131.0 0.0 49.31043098063711 10.71723832788276 0.21780302898399903 0.11797909332817097 0.2202863617858537 0.11648748317345303 
132.00000614147447 132.0 0.0 49.66708307307934 10.871394668979663 0.21780302898399903 0.11797909332817097 0.22071270670842866 0.11650482361430259 
133.00000614147459 133.0 0.0 50.06995627732665 10.972641116002396 0.21780302898399903 0.11797909332817097 0.2206333152443201 0.11675332891236925 
134.0000061414747 134.0 0.0 50.4903185509057 11.021912831308441 0.21780302898399903 0.11797909332817097 0.220516312744164 0.11669470979303374 
135.0000061414748 135.0 0.0 50.90568394753279 11.042043466793098 0.21780302898399903 0.11797909332817097 0.21966263928089874 0.11727156176066542 
136.00000614147493 136.0 0.0 51.30418488444722 11.0364980281698 0.21780302898399903 0.11797909332817097 0.21989911694300124 0.11712170136255116 
137.00000614147504 137.0 0.0 51.69269206745782 11.047364066180846 0.21780302898399903 0.11797909332817097 0.2195622896429276 0.11771868251226167 
138.00000614147515 138.0 0.0 52.05559025608994 11.075537584785893 0.21780302898399903 0.11797909332817097 0.2189976419213536 0.11782857648057435 
139.00000614147527 139.0 0.0 52.36289818863209 11.141761422470578 0.21780302898399903 0.11797909332817097 0.2185833627516505 0.1180498719934387 
140.00000614147538 140.0 0.0 52.62023735165523 11.252974726428079 0.21780302898399903 0.11797909332817097 0.2185228926069115 0.11790878912482397 
141.0000061414755 141.0 0.0 52.87757651467833 11.396052084956809 0.21780302898399903 0.11797909332817097 0.21886108767439244 0.11766619722405376 
142.0000061414756 142.0 0.0 53.17926296064961 11.571072539157068 0.21780302898399903 0.11797909332817097 0.22018236679513317 0.11673736730845022 
143.00000614147572 143.0 0.0 53.51405371642724 11.734456042766263 0.21780302898399903 0.11797909332817097 0.21981155697476795 0.11677413614074741 
144.00000614147584 144.0 0.0 53.87070580886947 11.867451182289367 0.21780302898399903 0.11797909332817097 0.22100348760862296 0.1166300072587611 
145.00000614147595 145.0 0.0 54.29606495940037 11.956108930407803 0.21780302898399903 0.11797909332817097 0.22051673471611583 0.11665477869063079 
146.00000614147606 146.0 0.0 54.72204871955028 11.991020381941034 0.21780302898399903 0.11797909332817097 0.21991329639316706 0.11702400062342926 
147.00000614147618 147.0 0.0 55.118051217988764 12.013343839242886 0.21780302898399903 0.11797909332817097 0.21998163390905318 0.11709387965077528 
148.0000061414763 148.0 0.0 55.51342910680825 12.006611753378946 0.21780302898399903 0.11797909332817097 0.2198069190991838 0.11751918290840212 
149.0000061414764 149.0 0.0 55.892567145534045 12.015082228938121 0.21780302898399903 0.11797909332817097 0.21961989222278608 0.11756287602106487 
150.00000614147652 150.0 0.0 56.25983760149907 12.044394639151033 0.21780302898399903 0.11797909332817097 0.21877620080707605 0.11787139041597311 
151.00000614147663 151.0 0.0 56.54965646470957 12.128229011047324 0.21780302898399903 0.11797909332817097 0.21863416246858175 0.11781808772020196 
152.00000614147675 152.0 0.0 56.80824484697065 12.26173242164469 0.21780302898399903 0.11797909332817097 0.21844670721498474 0.11792808763844277 
153.00000614147686 153.0 0.0 57.07620237351656 12.411554679773962 0.21780302898399903 0.11797909332817097 0.2196110359433975 0.11726297494778248 
154.00000614147697 154.0 0.0 57.37726420986884 12.582828885460318 0.21780302898399903 0.11797909332817097 0.21990082268056285 0.11675170250889784 
155.0000061414771 155.0 0.0 57.712054965646466 12.738481496511907 0.21780302898399903 0.11797909332817097 0.21986462603432425 0.11679314868933457 
156.0000061414772 156.0 0.0 58.093691442848204 12.849950055437315 0.21780302898399903 0.11797909332817097 0.2206252322535443 0.1164940435833308 
157.00000614147731 157.0 0.0 58.53029356652093 12.926251892032182 0.21780302898399903 0.11797909332817097 0.22029400035370536 0.1167443387431302 
158.00000614147743 158.0 0.0 58.93129294191131 12.959948934689459 0.21780302898399903 0.11797909332817097 0.21975185734113156 0.11712435971391776 
159.00000614147754 159.0 0.0 59.32916926920672 12.96788166478842 0.21780302898399903 0.11797909332817097 0.21989660422849902 0.11703232681317696 
160.00000614147766 160.0 0.0 59.73141786383512 12.961300804738174 0.21780302898399903 0.11797909332817097 0.21986407011539363 0.11761977641336013 
161.00000614147777 161.0 0.0 60.115552779512804 12.973039898569205 0.21780302898399903 0.11797909332817097 0.21923699502009628 0.11772484343065535 
162.00000614147788 162.0 0.0 60.4578388507183 13.031773769388206 0.21780302898399903 0.11797909332817097 0.21856768078440106 0.11806446152286142 
163.000006141478 163.0 0.0 60.734540911930054 13.126456583165583 0.21780302898399903 0.11797909332817097 0.2185209696799606 0.11782077043556187 
164.0000061414781 164.0 0.0 60.99375390381013 13.259759083855904 0.21780302898399903 0.11797909332817097 0.21836402352381698 0.11800818644823524 
165.00000614147822 165.0 0.0 61.26858213616488 13.418469307298267 0.21780302898399903 0.11797909332817097 0.21996776371494103 0.11696432032551023 
166.00000614147834 166.0 0.0 61.579013116801995 13.590581638600078 0.21780302898399903 0.11797909332817097 0.2202863617858537 0.11648748317345303 
167.00000614147845 167.0 0.0 61.93441599000624 13.743455571629173 0.21780302898399903 0.11797909332817097 0.22071270670842866 0.11650482361430259 
168.00000614147856 168.0 0.0 62.33728919425361 13.844535560896949 0.21780302898399903 0.11797909332817097 0.2206333152443201 0.11675332891236925 
169.00000614147868 169.0 0.0 62.75140537164274 13.895661628227584 0.21780302898399903 0.11797909332817097 0.22041354564719232 0.11670524800880737 
170.0000061414788 170.0 0.0 63.16677076826984 13.918658165500206 0.21780302898399903 0.11797909332817097 0.21966263928089874 0.11727156176066542 
171.0000061414789 171.0 0.0 63.568394753279186 13.91529645692366 0.21780302898399903 0.11797909332817097 0.21989911694300124 0.11712170136255116 
172.00000614147902 172.0 0.0 63.96127420362275 13.925686675183744 0.21780302898399903 0.11797909332817097 0.2195622896429276 0.11771868251226167 
173.00000614147913 173.0 0.0 64.32667083073079 13.953945480479856 0.21780302898399903 0.11797909332817097 0.2189976419213536 0.11782857648057435 
174.00000614147925 174.0 0.0 64.63210493441598 14.026410575374639 0.21780302898399903 0.11797909332817097 0.2185833627516505 0.1180498719934387 
175.00000614147936 175.0 0.0 64.90068707058087 14.142427506536485 0.21780302898399903 0.11797909332817097 0.21853703561184198 0.11790330476563617 
176.00000614147947 176.0 0.0 65.15677701436601 14.28884287148086 0.21780302898399903 0.11797909332817097 0.21883589241333076 0.1176778750388904 
177.0000061414796 177.0 0.0 65.44909431605247 14.460940952846846 0.21780302898399903 0.11797909332817097 0.22016822379020268 0.11674310589183964 
178.0000061414797 178.0 0.0 65.77701436602122 14.620520556068383 0.21780302898399903 0.11797909332817097 0.21981155697476795 0.11677413614074741 
179.00000614147982 179.0 0.0 66.13366645846344 14.753037724861269 0.21780302898399903 0.11797909332817097 0.22100348760862296 0.1166300072587611 
180.00000614147993 180.0 0.0 66.55902560899438 14.843110187894121 0.21780302898399903 0.11797909332817097 0.22051673471611583 0.11665477869063079 
181.00000614148004 181.0 0.0 66.98500936914427 14.87833240455853 0.21780302898399903 0.11797909332817097 0.21991329639316706 0.11702400062342926 
182.00000614148016 182.0 0.0 67.38163647720175 14.901464276045772 0.21780302898399903 0.11797909332817097 0.22006631318264444 0.11706300222084068 
183.00000614148027 183.0 0.0 67.79013116801998 14.888239571731946 0.21780302898399903 0.11797909332817097 0.21982935192441252 0.1175021669554408 
184.00000614148038 184.0 0.0 68.18051217988757 14.895108928353213 0.21780302898399903 0.11797909332817097 0.21954592655434196 0.1175862710492661 
185.0000061414805 185.0 0.0 68.54091193004372 14.938489930975758 0.21780302898399903 0.11797909332817097 0.2187537679818474 0.11789066752326587 
186.0000061414806 186.0 0.0 68.82823235477827 15.033291470465782 0.21780302898399903 0.11797909332817097 0.21862344886343432 0.11782408190952631 
187.00000614148072 187.0 0.0 69.07807620237354 15.163633314502489 0.21780302898399903 0.11797909332817097 0.21843599360983737 0.11793248279151086 
188.00000614148084 188.0 0.0 69.33916302311054 15.308797194718872 0.21780302898399903 0.11797909332817097 0.2196110359433975 0.11726297494778248 
189.00000614148095 189.0 0.0 69.64022485946285 15.478993214980326 0.21780302898399903 0.11797909332817097 0.21990082268056285 0.11675170250889784 
190.00000614148107 190.0 0.0 69.97501561524047 15.634876890797104 0.21780302898399903 0.11797909332817097 0.21986462603432425 0.11679314868933457 
191.00000614148118 191.0 0.0 70.35665209244222 15.746653447145851 0.21780302898399903 0.11797909332817097 0.2206252322535443 0.1164940435833308 
192.0000061414813 192.0 0.0 70.79325421611492 15.822384601126336 0.21780302898399903 0.11797909332817097 0.22029400035370536 0.1167443387431302 
193.0000061414814 193.0 0.0 71.19487820112428 15.854715347516642 0.21780302898399903 0.11797909332817097 0.21975185734113156 0.11712435971391776 
194.00000614148152 194.0 0.0 71.60337289194256 15.855344954194132 0.21780302898399903 0.11797909332817097 0.21995564550070218 0.11698139287401096 
195.00000614148163 195.0 0.0 72.02186133666457 15.845114287478719 0.21780302898399903 0.11797909332817097 0.21986660073502143 0.11762136471818613 
196.00000614148175 196.0 0.0 72.40599625234228 15.866436714728605 0.21780302898399903 0.11797909332817097 0.21919685033856032 0.11776046001367717 
197.00000614148186 197.0 0.0 72.74141161773893 15.941434698799593 0.21780302898399903 0.11797909332817097 0.21856768078440106 0.11806697274334091 
198.00000614148198 198.0 0.0 73.01249219237974 16.041153133350317 0.21780302898399903 0.11797909332817097 0.21849954246966563 0.1178311589042599 
199.0000061414821 199.0 0.0 73.262336039975 16.169334766449268 0.21780302898399903 0.11797909332817097 0.21836402352381698 0.11800818644823524 
200.0000061414822 200.0 0.0 73.53216739537788 16.32395849241111 0.21780302898399903 0.11797909332817097 0.21996776371494103 0.11696432032551023 
201.00000614148232 201.0 0.0 73.842598376015 16.495043475063135 0.21780302898399903 0.11797909332817097 0.2202863617858537 0.11648748317345303 
202.00000614148243 202.0 0.0 74.19800124921922 16.647376550150394 0.21780302898399903 0.11797909332817097 0.22071270670842866 0.11650482361430259 
203.00000614148254 203.0 0.0 74.6008744534666 16.748320042167013 0.21780302898399903 0.11797909332817097 0.2206333152443201 0.11675332891236925 
204.00000614148266 204.0 0.0 75.01561524047469 16.798895231885638 0.21780302898399903 0.11797909332817097 0.22041354564719232 0.11670524800880737 
205.00000614148277 205.0 0.0 75.43472829481576 16.821441471876245 0.21780302898399903 0.11797909332817097 0.21966263928089874 0.11727156176066542 
206.00000614148288 206.0 0.0 75.840724547158 16.81614523232671 0.21780302898399903 0.11797909332817097 0.21989911694300124 0.11712170136255116 
207.000006141483 207.0 0.0 76.23360399750158 16.831901112636807 0.21780302898399903 0.11797909332817097 0.2195622896429276 0.11771868251226167 
208.0000061414831 208.0 0.0 76.60337289194256 16.8697425474276 0.21780302898399903 0.11797909332817097 0.21903698018734613 0.11781133029850809 
209.00000614148323 209.0 0.0 76.91442848219862 16.94652023097329 0.21780302898399903 0.11797909332817097 0.2185833627516505 0.1180498719934387 
210.00000614148334 210.0 0.0 77.17364147407869 17.063113133126706 0.21780302898399903 0.11797909332817097 0.2185228926069115 0.11790878912482397 
211.00000614148345 211.0 0.0 77.420986883198 17.202330053671655 0.21780302898399903 0.11797909332817097 0.21883589241333076 0.1176778750388904 
212.00000614148357 212.0 0.0 77.71205496564644 17.37221663567938 0.21780302898399903 0.11797909332817097 0.22016822379020268 0.11674310589183964 
213.00000614148368 213.0 0.0 78.03997501561523 17.530926986311236 0.21780302898399903 0.11797909332817097 0.21981155697476795 0.11677413614074741 
214.0000061414838 214.0 0.0 78.39662710805744 17.662975785990582 0.21780302898399903 0.11797909332817097 0.22100348760862296 0.1166300072587611 
215.0000061414839 215.0 0.0 78.8219862585884 17.753912704029794 0.21780302898399903 0.11797909332817097 0.22051673471611583 0.11665477869063079 
216.00000614148402 216.0 0.0 79.25296689569021 17.784026336983672 0.21780302898399903 0.11797909332817097 0.2200204084919874 0.11697602510987364 
217.00000614148414 217.0 0.0 79.6627108057464 17.797925859406757 0.21780302898399903 0.11797909332817097 0.21999234751420074 0.11708677931691491 
218.00000614148425 218.0 0.0 80.06745783885071 17.792672553494466 0.21780302898399903 0.11797909332817097 0.2198283463094788 0.11750852831553199 
219.00000614148436 219.0 0.0 80.45284197376637 17.810858513295617 0.21780302898399903 0.11797909332817097 0.2195352129491944 0.11759330052600576 
220.00000614148448 220.0 0.0 80.8063710181137 17.86025572002709 0.21780302898399903 0.11797909332817097 0.21874305437669966 0.1178950919926642 
221.0000061414846 221.0 0.0 81.0849469081824 17.94847568772354 0.21780302898399903 0.11797909332817097 0.21862344886343432 0.11782408190952631 
222.0000061414847 222.0 0.0 81.33354153653966 18.076709615197665 0.21780302898399903 0.11797909332817097 0.21843599360983737 0.11793248279151086 
223.00000614148482 223.0 0.0 81.59462835727669 18.22093428250645 0.21780302898399903 0.11797909332817097 0.2196110359433975 0.11726297494778248 
224.00000614148493 224.0 0.0 81.89569019362898 18.390377583507107 0.21780302898399903 0.11797909332817097 0.21990082268056285 0.11675170250889784 
225.00000614148504 225.0 0.0 82.2304809494066 18.54642742770269 0.21780302898399903 0.11797909332817097 0.21986462603432425 0.11679314868933457 
226.00000614148516 226.0 0.0 82.61211742660835 18.658445221298667 0.21780302898399903 0.11797909332817097 0.2206252322535443 0.1164940435833308 
227.00000614148527 227.0 0.0 83.05434103685198 18.727524401429115 0.21780302898399903 0.11797909332817097 0.22035304162590846 0.11669307791439089 
228.0000061414854 228.0 0.0 83.46845721424111 18.747844160884842 0.21780302898399903 0.11797909332817097 0.21976881010335952 0.11711083037736242 
229.0000061414855 229.0 0.0 83.87695190505937 18.750679313115793 0.21780302898399903 0.11797909332817097 0.21990731783364645 0.1170252305339817 
230.0000061414856 230.0 0.0 84.28794503435356 18.755003621353342 0.21780302898399903 0.11797909332817097 0.21984964797279352 0.11763736983075102 
231.00000614148573 231.0 0.0 84.66583385384133 18.78500434375458 0.21780302898399903 0.11797909332817097 0.21918613673341292 0.11776650835775537 
232.00000614148584 232.0 0.0 84.99188007495314 18.856678101553538 0.21780302898399903 0.11797909332817097 0.21855696717925308 0.11807137371028058 
233.00000614148595 233.0 0.0 85.25608994378513 18.951467672766267 0.21780302898399903 0.11797909332817097 0.21849954246966563 0.1178311589042599 
234.00000614148607 234.0 0.0 85.5059337913804 19.07921306076624 0.21780302898399903 0.11797909332817097 0.21836402352381698 0.11800818644823524 
235.00000614148618 235.0 0.0 85.77576514678327 19.233702511602132 0.21780302898399903 0.11797909332817097 0.21996776371494103 0.11696432032551023 
236.0000061414863 236.0 0.0 86.08619612742035 19.404350429324207 0.21780302898399903 0.11797909332817097 0.2202863617858537 0.11648748317345303 
237.0000061414864 237.0 0.0 86.44159900062462 19.556629143121793 0.21780302898399903 0.11797909332817097 0.22071270670842866 0.11650482361430259 
238.00000614148652 238.0 0.0 86.84572142410994 19.655929340655646 0.21780302898399903 0.11797909332817097 0.2206333152443201 0.11675332891236925 
239.00000614148664 239.0 0.0 87.26483447845095 19.7023747011168 0.21780302898399903 0.11797909332817097 0.22041354564719232 0.11670524800880737 
240.00000614148675 240.0 0.0 87.68332292317302 19.72388217241424 0.21780302898399903 0.11797909332817097 0.21966263928089874 0.11727156176066542 
241.00000614148686 241.0 0.0 88.09119300437229 19.72648419354932 0.21780302898399903 0.11797909332817097 0.21992431220406333 0.11710973920061217 
242.00000614148698 242.0 0.0 88.48906933166774 19.74810210364052 0.21780302898399903 0.11797909332817097 0.2195764326478581 0.11771306433624476 
243.0000061414871 243.0 0.0 88.85446595877575 19.789155656703738 0.21780302898399903 0.11797909332817097 0.2189976419213536 0.11782857648057435 
244.0000061414872 244.0 0.0 89.15615240474705 19.86112663437701 0.21780302898399903 0.11797909332817097 0.2185833627516505 0.1180498719934387 
245.00000614148732 245.0 0.0 89.41036851967519 19.973097341839875 0.21780302898399903 0.11797909332817097 0.2185228926069115 0.11790878912482397 
246.00000614148743 246.0 0.0 89.65771392879452 20.111819087805387 0.21780302898399903 0.11797909332817097 0.21883589241333076 0.1176778750388904 
247.00000614148755 247.0 0.0 89.94878201124295 20.281392335785974 0.21780302898399903 0.11797909332817097 0.22016822379020268 0.11674310589183964 
248.00000614148766 248.0 0.0 90.27670206121175 20.439857218601222 0.21780302898399903 0.11797909332817097 0.21981155697476795 0.11677413614074741 
249.00000614148777 249.0 0.0 90.63460337289197 20.569595933275192 0.21780302898399903 0.11797909332817097 0.22108816688221455 0.11659826440665681 
250.0000061414879 250.0 0.0 91.07058088694566 20.649319364687557 0.21780302898399903 0.11797909332817097 0.2205498811464925 0.11663032066389653 
#####################################################################
# End of data export. Simulation finished at: 2020-02-29T09:05+0000 #
#####################################################################
