#####################################################################
# Alchemist log file - simulation started at: 2020-02-29T11:18+0000 #
#####################################################################
# seed = 98.0, reactivity = 1, speed = 2
#
# The columns have the following meaning: 
# time classicrc[Mean] classicrc[StandardDeviation] reactiverc[Mean] reactiverc[StandardDeviation] errorclassic[Mean] errorclassic[StandardDeviation] errorreactive[Mean] errorreactive[StandardDeviation] 
0.0 NaN NaN NaN NaN NaN NaN NaN NaN 
1.0000073697722947 1.0 0.0 NaN NaN NaN NaN NaN NaN 
2.0000073697722955 2.0 0.0 1.0 0.0 NaN NaN NaN NaN 
3.0000073697722964 3.0 0.0 1.8757026858213617 0.3300235166606062 NaN NaN NaN NaN 
4.000007369772297 4.0 0.0 1.9506558400999368 0.42212395348396736 NaN NaN NaN NaN 
5.000007369772294 5.0 0.0 2.1105559025608986 0.6526061241508616 NaN NaN NaN NaN 
6.00000736977229 6.0 0.0 2.387257963772644 0.9453504847611224 NaN NaN NaN NaN 
7.000007369772287 7.0 0.0 2.8232354778263584 1.2522418996106814 NaN NaN NaN NaN 
8.000007369772284 8.0 0.0 3.3660212367270432 1.5316477147336225 NaN NaN NaN NaN 
9.00000736977228 9.0 0.0 4.001249219237976 1.777286819417722 NaN NaN NaN NaN 
10.000007369772277 10.0 0.0 4.719550281074327 1.953374976195421 NaN NaN NaN NaN 
11.000007369772273 11.0 0.0 5.486570893191756 2.055170502994155 0.4293151750383059 0.39362420395877845 NaN NaN 
12.00000736977227 12.0 0.0 6.275452841973771 2.079592101935132 0.3747968655213871 0.3016365209368592 NaN NaN 
13.000007369772266 13.0 0.0 7.053716427232975 2.112667210432402 0.3424028529938503 0.24859986111659166 0.4127587713924793 0.35061108592394136 
14.000007369772263 14.0 0.0 7.816989381636471 2.191086757869749 0.32286382746929065 0.21787341525926124 0.3682503392970808 0.2783744157208008 
15.00000736977226 15.0 0.0 8.566520924422257 2.3099195767316534 0.3117047489410059 0.2029944523663796 0.34400884790894487 0.2407229430747222 
16.000007369772256 16.0 0.0 9.316052467207983 2.460446790167485 0.3051551962248891 0.19596561713835567 0.33035780382934066 0.22075819524164902 
17.00000736977227 17.0 0.0 10.067457838850721 2.6330489163472968 0.3005688355993448 0.1918715104668649 0.32261518631762093 0.20987501318734833 
18.000007369772284 18.0 0.0 10.826358525921327 2.8126641807863937 0.29783498279174175 0.18968084465265073 0.3184900695759475 0.20500531529606364 
19.000007369772298 19.0 0.0 11.584009993753938 2.9988488057753164 0.29599623058344304 0.18866995228820035 0.31557219295303024 0.20279272030989548 
20.000007369772312 20.0 0.0 12.332292317301714 3.208116706807459 0.29479860732310365 0.18831090692478644 0.31398969969641344 0.2026198204236467 
21.000007369772327 21.0 0.0 13.058088694565921 3.4405302781153266 0.29398388593395247 0.18811548108282747 0.3137492944785098 0.20297717765716514 
22.00000736977234 22.0 0.0 13.770768269831388 3.6885695021095386 0.2930740365594378 0.18765976757088643 0.3128016648454298 0.20368331743970688 
23.000007369772355 23.0 0.0 14.450343535290488 3.9694381144451336 0.29238685840878054 0.18721063884459416 0.3117194844793632 0.2042177198729683 
24.00000736977237 24.0 0.0 15.09056839475334 4.290532279242935 0.29186671506132306 0.18683288682971613 0.3108131308296868 0.20442699130516534 
25.000007369772383 25.0 0.0 15.708307307932577 4.641577016004664 0.2914628556316765 0.18662374807318186 0.31024601139818364 0.20412186622022124 
26.000007369772398 26.0 0.0 16.340412242348542 4.979550389337364 0.29122065003805586 0.18666175341663446 0.3099341968471931 0.20356921885879 
27.000007369772412 27.0 0.0 16.98188632104931 5.318862349184152 0.2910257528215601 0.18678947468179702 0.309413246572961 0.20306133622376446 
28.000007369772426 28.0 0.0 17.647720174890644 5.646421110902819 0.29081296887394587 0.18689996061418376 0.3084843356138927 0.20265168193341546 
29.00000736977244 29.0 0.0 18.338538413491488 5.957585090657924 0.2905795793682563 0.1868988385744 0.3078997775548649 0.2023531740962471 
30.000007369772455 30.0 0.0 19.04747033104303 6.250519591144111 0.2903064001445983 0.1868116436625097 0.3073357178862486 0.20182275342215697 
31.00000736977247 31.0 0.0 19.769519050593356 6.530598772780584 0.28998471691610805 0.18658422847712058 0.306350849602128 0.20154602301330973 
32.00000736977248 32.0 0.0 20.510930668332314 6.800646049884904 0.289790458549604 0.18631156388702666 0.30507856809011297 0.2008619127499219 
33.0000073697725 33.0 0.0 21.242973141786408 7.078333289334647 0.28965954777004743 0.1860508933345647 0.30443266379952066 0.1994939829032307 
34.00000736977251 34.0 0.0 21.970643347907444 7.356868399553158 0.28953788954798165 0.18579160543450654 0.3032429646958529 0.19869702521472843 
35.000007369772526 35.0 0.0 22.66895690193626 7.663327734983362 0.2894582727804366 0.18554920229092772 0.30199199480258654 0.1980253900658199 
36.00000736977254 36.0 0.0 23.333541536539574 8.004213297518975 0.2893681437840203 0.18534282285038803 0.3009602435818504 0.1976003675131284 
37.000007369772554 37.0 0.0 23.96939412866957 8.37710795532628 0.2891738845245732 0.18505608864462286 0.3003131384113752 0.19725418812642168 
38.00000736977257 38.0 0.0 24.613366645846362 8.737622458146848 0.288906530323372 0.18475856668748564 0.3000240532486585 0.1965391380931586 
39.00000736977258 39.0 0.0 25.26795752654599 9.090999883851865 0.28860122486335144 0.18447416535828057 0.2991879937698478 0.1957088868530091 
40.0000073697726 40.0 0.0 25.950655840099973 9.420028589771109 0.28837898009885043 0.18401783427505533 0.29817914632202236 0.19467282866650776 
41.00000736977261 41.0 0.0 26.657713928794376 9.729029603234412 0.28822988717027115 0.18351430273451516 0.29739108044854673 0.19320445489980304 
42.000007369772625 42.0 0.0 27.38101186758268 10.022711171408826 0.2880997052489555 0.18296243803033793 0.29675923984549823 0.19129056393271007 
43.00000736977264 43.0 0.0 28.113678950656034 10.30871325720928 0.28799219761412354 0.18244357381326975 0.2958276995950719 0.18963832818205567 
44.00000736977265 44.0 0.0 28.86133666458449 10.585934557808846 0.2879159432597318 0.18204300198692155 0.29501240783358496 0.18833205860280278 
45.00000736977267 45.0 0.0 29.59650218613351 10.875469541939475 0.28783953701981735 0.18167929266820543 0.2949203483518438 0.1869328998792988 
46.00000736977268 46.0 0.0 30.327920049968572 11.16542772282389 0.2875372896471679 0.18140559253457084 0.2942660559985021 0.18660731689559293 
47.000007369772696 47.0 0.0 31.028732042473504 11.48212410461499 0.28707176002575696 0.18114041674303408 0.2935764498648958 0.18639973352196526 
48.00000736977271 48.0 0.0 31.694565896314757 11.832572700053888 0.28644077226538506 0.18076105229208278 0.29283616919366035 0.18614174035569667 
49.000007369772725 49.0 0.0 32.33479075577772 12.21081877258087 0.2855158282963097 0.18046487965523234 0.2921800043839399 0.18562044079495563 
50.00000736977274 50.0 0.0 32.98688319800119 12.573253470839282 0.28448745857543195 0.18016918037297697 0.2917127715463658 0.18480117962704257 
51.00000736977275 51.0 0.0 33.652092442223484 12.919201201368738 0.28336682153252146 0.17998769589713323 0.2909082858495927 0.1841539835247691 
52.00000736977277 52.0 0.0 34.344784509681304 13.23824192799624 0.28242510561224576 0.17954312689017066 0.28977823461847807 0.18411497085395184 
53.00000736977278 53.0 0.0 35.05808869456565 13.546300181031993 0.281416630124468 0.1791829588150344 0.28902504884846725 0.18366738658829088 
54.000007369772796 54.0 0.0 35.788257339162755 13.840096171043516 0.2806349214024808 0.1787356931591489 0.2885081996957927 0.18320115925336114 
55.00000736977281 55.0 0.0 36.52779512804518 14.128849323210991 0.27988391498866333 0.17834204217263894 0.28747812289698943 0.18312835900542418 
56.000007369772824 56.0 0.0 37.27795128044957 14.412176095237157 0.27901600798550913 0.17822906097830327 0.2863348522168327 0.1832177573292736 
57.00000736977284 57.0 0.0 38.01436602123681 14.706517891344753 0.2780626283703362 0.1781076827329556 0.28567044772543937 0.18286074388212567 
58.00000736977285 58.0 0.0 38.74515927545258 15.000792166257142 0.27709168691368485 0.17793117802670666 0.28462989186165805 0.18298738611635534 
59.00000736977287 59.0 0.0 39.45096814490972 15.319685069367734 0.27603134403141083 0.17765129083144945 0.283294741092585 0.18298796804997502 
60.00000736977288 60.0 0.0 40.12554653341665 15.670708446548844 0.27466158399012147 0.1772831106097228 0.28203085877503453 0.18284671039516298 
61.000007369772895 61.0 0.0 40.77264209868805 16.047960184317677 0.2733438403441973 0.17685632454491967 0.2810658532470783 0.182552611895912 
62.00000736977291 62.0 0.0 41.436602123672586 16.400148915397725 0.2718864897368045 0.17622902033431673 0.28032976040944374 0.1820083287008541 
63.00000736977292 63.0 0.0 42.11805121798857 16.736462595180477 0.2699092856446715 0.17555739793892938 0.2790013516036722 0.18195429442974062 
64.00000736977293 64.0 0.0 42.82573391630219 17.057300119059153 0.26827375022660477 0.17455818472598514 0.2776246351430785 0.18200024796053133 
65.00000736977287 65.0 0.0 43.5496564647098 17.3659923109625 0.26675048427304954 0.17304439116134115 0.27666942033653164 0.1816624742373992 
66.00000736977282 66.0 0.0 44.28732042473429 17.657113166593437 0.26550037862381465 0.17157746955356792 0.27607723242418614 0.18106999809650456 
67.00000736977276 67.0 0.0 45.03123048094971 17.943530144524832 0.2645809821866826 0.17056486745335173 0.2749352388123824 0.18066729949062968 
68.0000073697727 68.0 0.0 45.78513429106771 18.224298446650288 0.2638300678460049 0.16995516538779312 0.2738750439824133 0.18041882217489258 
69.00000736977265 69.0 0.0 46.52779512804534 18.51636122995011 0.2626504683329827 0.16995676629261494 0.27319306042229613 0.18004670008113147 
70.00000736977259 70.0 0.0 47.2729544034979 18.80341921908203 0.26188380956566426 0.16964960457885217 0.27224506436687357 0.17988730963990243 
71.00000736977253 71.0 0.0 47.99188007495334 19.11623809816177 0.26131164485198155 0.16923450118914024 0.27130859810192426 0.179493160650668 
72.00000736977248 72.0 0.0 48.67395377888788 19.46544701311438 0.26085965248145543 0.16885496927560173 0.27057733014446583 0.17898335383158234 
73.00000736977242 73.0 0.0 49.329793878825924 19.83815561033806 0.2605136415964868 0.16839133855720015 0.2702622797424931 0.1784915607136675 
74.00000736977236 74.0 0.0 50.00374765771373 20.187031380227303 0.26027724576223654 0.1679079322454617 0.27028206725796555 0.17778560494276122 
75.0000073697723 75.0 0.0 50.68769519050631 20.526383138464382 0.2601413709007665 0.16739752342051004 0.2699934038643193 0.1772920128408037 
76.00000736977225 76.0 0.0 51.388507183010866 20.854291352923102 0.26002414973778853 0.1669632590808944 0.2694464400363349 0.1773641856983127 
77.00000736977219 77.0 0.0 52.11305434103703 21.16421710641979 0.25970671995038763 0.16678317000900608 0.2691138091516853 0.177130062911612 
78.00000736977213 78.0 0.0 52.85883822610826 21.4554785753998 0.2596361636939686 0.16650328748953905 0.2691913793178338 0.17652900557323054 
79.00000736977208 79.0 0.0 53.609618988132645 21.741622120192265 0.259774058867225 0.1660900177702652 0.2681520568430939 0.17647090178105868 
80.00000736977202 80.0 0.0 54.374141161773906 22.016937932023144 0.25961464702218423 0.1659582850939253 0.2663781939279902 0.17673210216118404 
81.00000736977196 81.0 0.0 55.12866958151121 22.302066805374277 0.25917212049046007 0.16608536753596928 0.26516749712269794 0.1761517108784835 
82.00000736977191 82.0 0.0 55.8675827607744 22.590428387168767 0.25913413665504587 0.16584282082736848 0.26353928671570537 0.1754102853364122 
83.00000736977185 83.0 0.0 56.57963772642083 22.902894142851537 0.25908268642748955 0.16561205985950642 0.26196066373763954 0.1744412237459405 
84.0000073697718 84.0 0.0 57.257339163022955 23.24553688701372 0.25892338503381246 0.16542881970291268 0.2603638291129626 0.17319446088366358 
85.00000736977174 85.0 0.0 57.91630231105535 23.6020494940279 0.25872118064347016 0.16532340651942568 0.25918698819754227 0.17171049761170526 
86.00000736977168 86.0 0.0 58.59837601499095 23.92251496730697 0.2585689989298848 0.165318373393487 0.2585359618467144 0.1705067591325218 
87.00000736977162 87.0 0.0 59.28419737663963 24.246232828442082 0.258198960058093 0.16581631710811973 0.25762645916227445 0.16996253635518344 
88.00000736977157 88.0 0.0 59.99188007495307 24.558996498750027 0.2574292342086506 0.16675336219281472 0.2571420646264466 0.17019310060122064 
89.00000736977151 89.0 0.0 60.72079950031248 24.862901547494356 0.25690757208895354 0.167443358673027 0.257287625145404 0.16976951698059364 
90.00000736977145 90.0 0.0 61.45846346033693 25.14944691017224 0.2566905991707088 0.16767975416483863 0.25761711883715854 0.16922173352959646 
91.0000073697714 91.0 0.0 62.20487195502803 25.424727161745878 0.2564965802994192 0.16764736846355577 0.2575186299496479 0.1688267331525299 
92.00000736977134 92.0 0.0 62.97314178638322 25.689855063536434 0.2563399179022058 0.16741600809093837 0.2571308438815407 0.16869500169815177 
93.00000736977128 93.0 0.0 63.734540911930225 25.965002646441853 0.25600015425836736 0.16731480121598946 0.25732238402695623 0.16791689287094588 
94.00000736977123 94.0 0.0 64.48594628357276 26.24873727666943 0.2562055472052226 0.16677376399239574 0.2576097223284333 0.16747869407544833 
95.00000736977117 95.0 0.0 65.20986883198026 26.556396170137255 0.2567492181242575 0.1660285645127573 0.25790791514273753 0.16688676266866803 
96.00000736977111 96.0 0.0 65.9031855090568 26.889984122274964 0.2573601438392214 0.16527019872767243 0.25810207309545397 0.16640240758717872 
97.00000736977105 97.0 0.0 66.57901311680185 27.23655924076031 0.2578300056105429 0.16463755539634214 0.2584704975995478 0.16578480832400394 
98.000007369771 98.0 0.0 67.27108057464116 27.552884955919428 0.2580096575805273 0.16427978268743734 0.25876963821146953 0.1651976374543649 
99.00000736977094 99.0 0.0 67.96127420362295 27.871419041293766 0.25784660929339526 0.16412851563274128 0.25850366088109444 0.16491189839512668 
100.00000736977088 100.0 0.0 68.66708307307893 28.177113444224908 0.25709031647590774 0.16419901468033304 0.2577556458743122 0.16514566633742714 
101.00000736977083 101.0 0.0 69.39350405996292 28.46937051949672 0.2559196888252043 0.16427830111119376 0.2573322423599645 0.16463334067054636 
102.00000736977077 102.0 0.0 70.13928794503404 28.748803657589946 0.25386348368938316 0.16448362748706508 0.256136462004284 0.16462911054858934 
103.00000736977071 103.0 0.0 70.88132417239245 29.025198659879436 0.2520685469932067 0.16397622749536728 0.2543980245958458 0.16444205874687687 
104.00000736977066 104.0 0.0 71.63460337289222 29.289623194200242 0.24984088908741459 0.16271972732907056 0.2525235278651092 0.1641725447140851 
105.0000073697706 105.0 0.0 72.38101186758267 29.570293188020365 0.24740273150406153 0.16083971478114387 0.2507344094992772 0.16325725691368767 
106.00000736977054 106.0 0.0 73.13304184884467 29.85362898884936 0.2444292210803701 0.1590095988263809 0.24868141113292777 0.16281372181310272 
107.00000736977049 107.0 0.0 73.87257963772682 30.160073008927043 0.24194017956634273 0.1561815369504452 0.24649724244084734 0.16165863191121568 
108.00000736977043 108.0 0.0 74.58088694565859 30.50040752945508 0.24043379480410265 0.15409209913223498 0.24461570139623257 0.16030188257633435 
109.00000736977037 109.0 0.0 75.26795752654554 30.861444860670353 0.23944335592874064 0.15302124122101712 0.2434964404967568 0.159037650826415 
110.00000736977032 110.0 0.0 75.96502186133708 31.20446724052746 0.23917491903096688 0.1529191468966808 0.24324535796274704 0.15782465264944262 
111.00000736977026 111.0 0.0 76.66958151155514 31.53851027533254 0.23946552046774483 0.15295526117575212 0.24338807663992523 0.15781179868158957 
112.0000073697702 112.0 0.0 77.3922548407246 31.85311664460809 0.23987226269834486 0.15340149902145223 0.24362113401664479 0.15844775584786439 
113.00000736977015 113.0 0.0 78.12929419113047 32.15068269203661 0.24020889118573613 0.15401984308229744 0.24409614055214168 0.15886475237978598 
114.00000736977009 114.0 0.0 78.87695190505944 32.429141596769334 0.24076950359336466 0.1546866416314216 0.24431052294703454 0.15967676269882264 
115.00000736977003 115.0 0.0 79.62460961898762 32.70538363921351 0.2414320720594952 0.15532116733474868 0.24457597933425923 0.16048602082488433 
116.00000736976997 116.0 0.0 80.38101186758267 32.97375455154411 0.2419852800650971 0.15587690851257072 0.24470918312069626 0.16138681855267054 
117.00000736976992 117.0 0.0 81.13866333541503 33.250970067987396 0.24212861255312837 0.15676902271394832 0.24539298095500586 0.16186318536155087 
118.00000736976986 118.0 0.0 81.90131168019926 33.52760436608018 0.24188988284337742 0.15735934729259285 0.24529870538556672 0.16260685016600623 
119.0000073697698 119.0 0.0 82.65021861336675 33.8207602888327 0.24065243149233392 0.15789751142213473 0.24481816176032636 0.16306013048020235 
120.00000736976975 120.0 0.0 83.36539662710776 34.13910187538895 0.2397149482641219 0.15773186434963646 0.24346394458380485 0.16402810739976398 
121.00000736976969 121.0 0.0 84.06121174266084 34.48863944519642 0.23824486473361864 0.15684055127613875 0.24236680321932744 0.1638017969075438 
122.00000736976963 122.0 0.0 84.76951905059293 34.817900860491925 0.23717751645959995 0.15622733249752543 0.2412464262321152 0.16279649165957086 
123.00000736976958 123.0 0.0 85.47595252966927 35.14362783788463 0.23719187776085698 0.15526672020658194 0.24016371522931526 0.16125350834360322 
124.00000736976952 124.0 0.0 86.186758276077 35.456004069087044 0.2376577384744004 0.15486873683192348 0.2393768881670438 0.15977118309161228 
125.00000736976946 125.0 0.0 86.90880699562825 35.74736603777052 0.23817303525297553 0.15446857642556436 0.23923519792804943 0.1591249046011862 
126.0000073697694 126.0 0.0 87.64022485946244 36.01064746640079 0.23887070460270768 0.15416270830507176 0.23913919982580975 0.15910447280905576 
127.00000736976935 127.0 0.0 88.37164272329825 36.2695625885159 0.2395048503042074 0.15373318658806434 0.2389913576501036 0.1589923774326034 
128.0000073697693 128.0 0.0 89.1099312929412 36.51709062285416 0.23970551508315274 0.1533178610105092 0.2389394355835371 0.15885394596376212 
129.00000736976924 129.0 0.0 89.85134291068023 36.77732504217736 0.23919046978585212 0.1530369093706324 0.2400077337326881 0.15775505522680783 
130.00000736976918 130.0 0.0 90.59837601499099 37.04283631636524 0.23873079535940792 0.152651070317751 0.2401126327191963 0.1574638400168729 
131.00000736976912 131.0 0.0 91.34478450968128 37.32806985827326 0.23759938495746677 0.15268167004854946 0.24043311184901364 0.15656203918682768 
132.00000736976907 132.0 0.0 92.07432854466015 37.64945347298518 0.23626881109050982 0.15372592035656854 0.24013639319065316 0.15660177307863835 
133.000007369769 133.0 0.0 92.78263585259181 37.99906542663835 0.23594533086119074 0.1544515393040999 0.23970898266265325 0.1574609871622933 
134.00000736976895 134.0 0.0 93.50093691442875 38.32845099102816 0.23629163703691217 0.15466558053517607 0.24013886731629802 0.15804299904775532 
135.0000073697689 135.0 0.0 94.21236727045644 38.660152249506595 0.2368999482082092 0.1546041712181187 0.24053605204055922 0.15815002138215906 
136.00000736976884 136.0 0.0 94.93316677076902 38.977075384484465 0.2376638941675198 0.15428242852594984 0.2407463243953347 0.15830979366876513 
137.00000736976878 137.0 0.0 95.66458463460313 39.27355091175238 0.23851362590814942 0.15379872806668057 0.2410179421783061 0.1579559123511199 
138.00000736976872 138.0 0.0 96.41224234853266 39.53888845214599 0.23936153464989 0.1531446482822099 0.24090316596484107 0.1575953612582151 
139.00000736976867 139.0 0.0 97.15552779512865 39.799939333959884 0.23975063296049376 0.152472392307719 0.2403210604695561 0.15694736534804427 
140.0000073697686 140.0 0.0 97.90943160524652 40.05301071379325 0.23965881560812624 0.1520434629829139 0.2393083128657177 0.15650107014319561 
141.00000736976855 141.0 0.0 98.65771392879434 40.31349360971595 0.23925565409838187 0.15174265737443188 0.23917757463329695 0.15520342046009594 
142.0000073697685 142.0 0.0 99.4022485946278 40.57999008058854 0.23837226861580577 0.15179565238814996 0.23847097064278172 0.15454780437467405 
143.00000736976844 143.0 0.0 100.13928794503369 40.86896697670076 0.23722887997840816 0.15200636282730795 0.23840863209919155 0.1534201888482327 
144.00000736976838 144.0 0.0 100.84759525296744 41.20029439550239 0.23610414769140992 0.15227690436023303 0.23726006256772755 0.15347150616066152 
145.00000736976833 145.0 0.0 101.54778263585328 41.549237317220715 0.23534573407918294 0.15214439254165898 0.23609229077789073 0.1535395935169024 
146.00000736976827 146.0 0.0 102.26420986883284 41.878150920449144 0.2345514311437411 0.151750492966334 0.2353036351599798 0.1529467664111651 
147.0000073697682 147.0 0.0 102.97813866333483 42.208235532692456 0.23340183747692939 0.1513945237560923 0.23406094994390525 0.1522233898540477 
148.00000736976816 148.0 0.0 103.70518425983765 42.52363201040846 0.2328140341865562 0.15028941049142303 0.232587977345018 0.15127790828524015 
149.0000073697681 149.0 0.0 104.44222361024353 42.813687251303755 0.23222442185813538 0.14884324571673885 0.23175840208994788 0.14989826682475582 
150.00000736976804 150.0 0.0 105.18488444722131 43.069705668570066 0.23165642092266178 0.1473595229366562 0.2306327087525773 0.14902545352817662 
151.00000736976799 151.0 0.0 105.9212991880071 43.32163203655959 0.2310315806215039 0.14627002972727937 0.22916253726038563 0.14892273536330553 
152.00000736976793 152.0 0.0 106.66958151155491 43.56546947282048 0.23009823751467773 0.14571388526134285 0.22812992670497886 0.14874237512254612 
153.00000736976787 153.0 0.0 107.42223610243543 43.81562626788206 0.2294658946096559 0.14522679437144986 0.2273932825659514 0.14826554697392288 
154.00000736976781 154.0 0.0 108.1842598376012 44.0663040439342 0.22849003869123824 0.14535751447606016 0.2265421755525291 0.14750837449675253 
155.00000736976776 155.0 0.0 108.92067457838846 44.34255099275022 0.22734953113910722 0.14597994905595385 0.22505454226924973 0.14729159427575242 
156.0000073697677 156.0 0.0 109.6277326670835 44.65449395546295 0.22668267567358602 0.1460283919098356 0.2237581016778284 0.1470087513300722 
157.00000736976764 157.0 0.0 110.30918176139875 44.98560849752468 0.22613146882075988 0.14622263448596612 0.22335988065966464 0.14626166864382945 
158.0000073697676 158.0 0.0 110.99500312304863 45.306180318093794 0.22648100901274593 0.1460794842034569 0.22339125570050264 0.14529422307795942 
159.00000736976753 159.0 0.0 111.68707058088721 45.6374998107434 0.2266003294754044 0.1461195599764138 0.2236870479090152 0.14464528632179138 
160.00000736976747 160.0 0.0 112.40349781386654 45.95471507644955 0.2266746093357587 0.146376671290955 0.2238058343234409 0.14459240319453454 
161.00000736976742 161.0 0.0 113.14366021236694 46.24199226725077 0.22669762941904265 0.1469209103208688 0.22384764669080898 0.14445055102793233 
162.00000736976736 162.0 0.0 113.90568394753242 46.50355334727197 0.22684336135893493 0.14731902986399956 0.22358289670983444 0.14456882528248527 
163.0000073697673 163.0 0.0 114.65958775765148 46.76163942891593 0.22723250575806841 0.14753768011283352 0.22293353518100611 0.1446978527965657 
164.00000736976725 164.0 0.0 115.41786383510305 47.00696390625517 0.2274368500572308 0.14784677732519239 0.2225441501108887 0.1448774119916715 
165.0000073697672 165.0 0.0 116.17926296064941 47.25610775028388 0.22685763240876347 0.1483198802146067 0.22201262149145332 0.1452782283629959 
166.00000736976713 166.0 0.0 116.9444097439091 47.51132794178676 0.22612562270784825 0.14886703579738247 0.22102574090911964 0.14572728974287233 
167.00000736976708 167.0 0.0 117.70518425983765 47.801770671771486 0.2250349304262846 0.1491807876716694 0.2207855805496423 0.14584204061968115 
168.00000736976702 168.0 0.0 118.4397251717679 48.12856761762568 0.2227268541249864 0.14925820977621623 0.2192307291314308 0.1468888433742744 
169.00000736976696 169.0 0.0 119.15802623360405 48.47796548022437 0.22050239708409697 0.14865800688689956 0.21851158254353234 0.147348176373095 
170.0000073697669 170.0 0.0 119.88257339162965 48.81623656503545 0.2184771939740859 0.1479085533841641 0.21792884492449005 0.14658313403357426 
171.00000736976685 171.0 0.0 120.60399750156138 49.15579145950149 0.21653439233867997 0.14636137139509017 0.21662205679338334 0.14539812884319084 
172.0000073697668 172.0 0.0 121.3410368519668 49.47481552440867 0.2159191252646546 0.14540097794674414 0.21588363511295494 0.14437791417389645 
173.00000736976673 173.0 0.0 122.09618988132338 49.76324689692066 0.21617457924712888 0.1451122756347546 0.21593052005492408 0.14351878158595535 
174.00000736976668 174.0 0.0 122.86445971267953 50.02075561552956 0.21671343573607052 0.14549808816347864 0.21630056269226416 0.14411136740890146 
175.00000736976662 175.0 0.0 123.62273579013181 50.266391184973315 0.21731792426736785 0.1458397189946644 0.21645680815719398 0.14478112052248238 
176.00000736976656 176.0 0.0 124.37164272329765 50.50017247853991 0.21816378704374048 0.1459454085318653 0.21665019006053046 0.1455739638543001 
177.0000073697665 177.0 0.0 125.1011867582761 50.73716344890312 0.21913910379790996 0.14562144837361904 0.21716951820473698 0.14603564225576526 
178.00000736976645 178.0 0.0 125.81386633354181 50.986729475468586 0.22010658088874738 0.14508205357198894 0.2172211993100007 0.14662933653354654 
179.0000073697664 179.0 0.0 126.52279825109395 51.25711790731987 0.22093305293102602 0.14421371243493644 0.21765274968292642 0.14667849974186903 
180.00000736976634 180.0 0.0 127.21236727045662 51.559115313928935 0.2215105841855931 0.14365109654806082 0.2180585756538262 0.14674628435594345 
181.00000736976628 181.0 0.0 127.8981886321046 51.89284876519013 0.22176057384424064 0.14369561857449986 0.21912041902209337 0.14646005365823006 
182.00000736976622 182.0 0.0 128.6096189881321 52.22745334033831 0.2214984604851155 0.1439023015389919 0.22066568589028232 0.14589633396343263 
183.00000736976617 183.0 0.0 129.32667083073133 52.56793313867513 0.2210104748730698 0.14457410781750885 0.2212879156394228 0.14626289263179681 
184.0000073697661 184.0 0.0 130.06745783885142 52.88886174418843 0.2199787791527136 0.1460805118036241 0.2213476101255587 0.14740565893026858 
185.00000736976605 185.0 0.0 130.82948157401677 53.18249505517409 0.2184685258133795 0.14790959452437943 0.22069365716548328 0.14908430503164946 
186.000007369766 186.0 0.0 131.60712054965686 53.445672643031095 0.217890752189842 0.1490348527588995 0.22054215267286872 0.1501933717699483 
187.00000736976594 187.0 0.0 132.37976264834458 53.693465060411455 0.21770242203445603 0.1490448978219634 0.22023579937792978 0.1503645091627516 
188.00000736976588 188.0 0.0 133.15427857589074 53.919169209520355 0.21720011458267732 0.14860209906643773 0.219861348682655 0.15017113186063547 
189.00000736976583 189.0 0.0 133.89756402248557 54.15214215811151 0.21628160428170923 0.1470644683093218 0.21949228621272018 0.14922984601524808 
190.00000736976577 190.0 0.0 134.60399750156165 54.38265425675742 0.2155358027352782 0.1447396942642775 0.21854486938941747 0.14830354486959627 
191.0000073697657 191.0 0.0 135.28419737663899 54.630678710510516 0.21522027500544907 0.14219749905537052 0.21773506984564858 0.1472538393545071 
192.00000736976565 192.0 0.0 135.92317301686495 54.907840687151875 0.21537257613139818 0.13996644754335208 0.21682873790999363 0.14594652120322493 
193.0000073697656 193.0 0.0 136.54965646470876 55.21087020636781 0.21557937870235672 0.13830621320020645 0.21683235037324167 0.14470602095210847 
194.00000736976554 194.0 0.0 137.20112429731384 55.50725874815984 0.21583600563743566 0.13785024976024904 0.21750385795291463 0.14313097319706863 
195.00000736976548 195.0 0.0 137.86008744534612 55.80601815433824 0.21617729024468602 0.13820457756760057 0.21805187902494166 0.1419503829769189 
196.00000736976543 196.0 0.0 138.55465334166135 56.09242076604801 0.21652002747154697 0.13926058724149057 0.21915742747876368 0.1408108826317345 
197.00000736976537 197.0 0.0 139.29294191130492 56.36713143670045 0.2161793283273509 0.14085719180498105 0.21938738710407957 0.14077544019458246 
198.0000073697653 198.0 0.0 140.06933166770855 56.622010429828045 0.21598711517747687 0.14231040206188125 0.21855769823699586 0.1419972840264778 
199.00000736976526 199.0 0.0 140.85196752030032 56.86602630471847 0.21613610376245967 0.1432243232080453 0.21817232011016266 0.14249949529390796 
200.0000073697652 200.0 0.0 141.63585259212905 57.09198007415984 0.21621298764577038 0.14385535781785108 0.21764598278213995 0.14333839650286118 
201.00000736976514 201.0 0.0 142.38788257339144 57.32308721689899 0.21584272112942543 0.14448437334890743 0.21730345566975723 0.14389957481499738 
202.0000073697651 202.0 0.0 143.10680824484663 57.5523388740095 0.21628206023730295 0.14415953012592914 0.216833628094733 0.1443817256151015 
203.00000736976503 203.0 0.0 143.7970018738288 57.80135717269628 0.21693803014835686 0.14366362486124493 0.21669526085435226 0.14439497738322074 
204.00000736976497 204.0 0.0 144.44722048719586 58.090391794443754 0.21786958129104333 0.1428246893574885 0.21624598318524524 0.14459544971404092 
205.00000736976492 205.0 0.0 145.08557151780082 58.40584986059853 0.21805418707295446 0.14255463654395106 0.2164275118237954 0.14449536776948077 
206.00000736976486 206.0 0.0 145.74765771392828 58.71287153233713 0.21776515509541966 0.14260570558682623 0.21689192982042851 0.14399284295311376 
207.0000073697648 207.0 0.0 146.41599000624615 59.02118767154638 0.21750808526602897 0.14264957000087122 0.21729516765700488 0.1429047456912927 
208.00000736976475 208.0 0.0 147.12054965646425 59.31722838853537 0.21681136535635057 0.1431458786913949 0.21739723730849989 0.14233267321298934 
209.0000073697647 209.0 0.0 147.8682073703928 59.59651411657302 0.21561115005978115 0.14358188847394737 0.21721946105028542 0.14168444922548912 
210.00000736976463 210.0 0.0 148.65084322298662 59.85733988702664 0.21402233874793541 0.14411234954123212 0.2157600576973001 0.1420268376646796 
211.00000736976457 211.0 0.0 149.44347282948252 60.10749295164377 0.21253750807263894 0.14393004429582865 0.21407214610695816 0.14237427113315623 
212.00000736976452 212.0 0.0 150.22985633978791 60.359917437334175 0.21068228644774617 0.14333266025419106 0.21204357650025973 0.14270617920132936 
213.00000736976446 213.0 0.0 150.99562773266797 60.60927615366568 0.20986878794824032 0.14189966448705765 0.21147625487176236 0.14176843398756467 
214.0000073697644 214.0 0.0 151.737039350407 60.85452064948879 0.2096533007470229 0.14038872040795689 0.2103930019948883 0.14146750100286923 
215.00000736976435 215.0 0.0 152.45346658338548 61.121910879305716 0.20914199732575864 0.13938241857210892 0.20995732247098262 0.14091524230097813 
216.0000073697643 216.0 0.0 153.13179262960725 61.42558094838718 0.20880127475890423 0.13857029061190929 0.209187190131521 0.14051968471881715 
217.00000736976423 217.0 0.0 153.7926296064958 61.749003802841735 0.20879725440010374 0.13805214612579245 0.20876979264967646 0.14000694803397185 
218.00000736976418 218.0 0.0 154.4634603372884 62.059498227657265 0.20876594026868356 0.13785422294927338 0.20916906303536326 0.13889645005039114 
219.00000736976412 219.0 0.0 155.13241723922462 62.36957354925331 0.20886985551773737 0.13741649819394344 0.20921169979034757 0.1376262820551332 
220.00000736976406 220.0 0.0 155.8282323547787 62.65627344836242 0.20801831697205744 0.13712216531097615 0.20850632022255633 0.1368226707057102 
221.000007369764 221.0 0.0 156.5652717051837 62.91821789586692 0.206575486129114 0.1372529711753424 0.2078653118312434 0.13585004798700748 
222.00000736976395 222.0 0.0 157.32729544034905 63.14097568729263 0.20606722374179162 0.13681393674954742 0.20642140837939857 0.13572886604676496 
223.0000073697639 223.0 0.0 158.08244846970564 63.358055509944414 0.20533669419800735 0.13617708760952238 0.20471212614365267 0.1348438177357936 
224.00000736976384 224.0 0.0 158.8301061836362 63.57504320133171 0.20401451821084174 0.1350195814840118 0.20276892453460754 0.13341991970850195 
225.00000736976378 225.0 0.0 159.557151780138 63.798300430987666 0.20251406473365427 0.13248270758273725 0.20109335221555527 0.13030966777220088 
226.00000736976372 226.0 0.0 160.27295440349826 64.04013252897403 0.2007252508961174 0.13053104283015557 0.19904286284152323 0.12799856300218504 
227.00000736976367 227.0 0.0 160.99125546533378 64.30705578305778 0.1988274071217197 0.12899115893468652 0.1978490620180372 0.1259809093798963 
228.0000073697636 228.0 0.0 161.68394753279156 64.60535038529885 0.1972466543848623 0.12772013206291952 0.1961929132810963 0.12460776395104692 
229.00000736976355 229.0 0.0 162.3591505309186 64.91949095054571 0.19608259988549476 0.12676937807219668 0.19551170792776695 0.12347733420202699 
230.0000073697635 230.0 0.0 163.0362273579014 65.21832516063463 0.195593133545743 0.12561722572506048 0.19523672802455388 0.12209234010825637 
231.00000736976344 231.0 0.0 163.71080574640868 65.52187183996578 0.1942637791225184 0.12542758627910286 0.19467263648783936 0.1217189612515077 
232.00000736976338 232.0 0.0 164.42785758900754 65.8090320432521 0.19351542812029826 0.125518601992033 0.1938356035135046 0.12217895969300345 
233.00000736976332 233.0 0.0 165.18113678950695 66.07171042857074 0.19273774431123797 0.1258563550395053 0.19331150463999153 0.12252292598082386 
234.00000736976327 234.0 0.0 165.95315427857514 66.29750884540665 0.19178400420367003 0.1266589892774158 0.19267407211347656 0.1235254082919764 
235.0000073697632 235.0 0.0 166.73204247345328 66.52063611307544 0.1909811183731848 0.1273979931502116 0.19184912538435137 0.12465047031736513 
236.00000736976315 236.0 0.0 167.50905683947545 66.74055232145176 0.1907446163684163 0.12740050721600146 0.19168993831821238 0.12512910145507425 
237.0000073697631 237.0 0.0 168.2517176764522 66.97042051241955 0.19049541818405713 0.12728017815705317 0.19128827904314613 0.12584613226317917 
238.00000736976304 238.0 0.0 168.9731417863844 67.20424951731493 0.18962359416240607 0.1272365454841404 0.190886307379871 0.12614085277511877 
239.00000736976298 239.0 0.0 169.68144909431723 67.46216318721791 0.18948158347109978 0.1263760709022751 0.1902859089566447 0.1264820610358404 
240.00000736976293 240.0 0.0 170.36164896939295 67.7548504040796 0.18970827158586018 0.12506526825567485 0.19030130623918218 0.12626110436685312 
241.00000736976287 241.0 0.0 171.03247970018668 68.07005725287615 0.1903169609033353 0.12371501870441493 0.1906631760929794 0.12541040191155847 
242.0000073697628 242.0 0.0 171.70643347907532 68.37193331210166 0.19071837444367407 0.12273472048070846 0.19135554273765437 0.12446043042015692 
243.00000736976276 243.0 0.0 172.38226108682034 68.67986448104207 0.19104804078278248 0.12233712956045646 0.19235339330881043 0.1230149433073728 
244.0000073697627 244.0 0.0 173.09618988132317 68.96911984159252 0.191843679675282 0.12203768946288736 0.19346575106522212 0.12254369175551225 
245.00000736976264 245.0 0.0 173.84384759525398 69.24004875205365 0.19213163247760873 0.1222612534632525 0.1942888716938931 0.12267677443369925 
246.00000736976259 246.0 0.0 174.620237351655 69.48207099816186 0.19252768617111377 0.12278928933875913 0.19535563428758612 0.12359079193685212 
247.00000736976253 247.0 0.0 175.40599625234353 69.70650123211217 0.19248786483710437 0.12402670369263759 0.1955640748585905 0.12536635965455883 
248.00000736976247 248.0 0.0 176.19113054340974 69.92627150280198 0.19217467193404836 0.1255068518957596 0.19576294798797 0.1271574627648302 
249.00000736976241 249.0 0.0 176.94690818238698 70.15774408073007 0.19168591393809592 0.12693390101351013 0.19576393930957844 0.1292255810474007 
250.00000736976236 250.0 0.0 177.67645221736487 70.39220660986093 0.19107680810157993 0.12760402604804427 0.19563201620714613 0.13085742420481314 
#####################################################################
# End of data export. Simulation finished at: 2020-02-29T12:28+0000 #
#####################################################################
