#####################################################################
# Alchemist log file - simulation started at: 2020-02-27T08:49+0000 #
#####################################################################
# seed = 25.0, reactivity = 0.9, speed = 1
#
# The columns have the following meaning: 
# time classicrc[Mean] classicrc[StandardDeviation] reactiverc[Mean] reactiverc[StandardDeviation] errorclassic[Mean] errorclassic[StandardDeviation] errorreactive[Mean] errorreactive[StandardDeviation] 
0.0 NaN NaN NaN NaN NaN NaN NaN NaN 
1.0000081886358831 1.0 0.0 NaN NaN NaN NaN NaN NaN 
2.0000081886358836 2.0 0.0 1.0 0.0 NaN NaN NaN NaN 
3.000008188635884 3.0 0.0 1.6970643347907555 0.4596712156350981 NaN NaN NaN NaN 
4.000008188635884 4.0 0.0 1.9094316052467213 0.3871914761787594 NaN NaN NaN NaN 
5.0000081886358805 5.0 0.0 2.016239850093691 0.5440460480841498 NaN NaN NaN NaN 
6.000008188635877 6.0 0.0 2.2029981261711447 0.7766215330658144 NaN NaN NaN NaN 
7.000008188635873 7.0 0.0 2.5059337913803885 1.0618950127548767 NaN NaN NaN NaN 
8.00000818863587 8.0 0.0 2.9269206745783913 1.3319275784848577 NaN NaN NaN NaN 
9.000008188635867 9.0 0.0 3.425359150530917 1.566311435045807 NaN NaN NaN NaN 
10.000008188635864 10.0 0.0 4.001249219237976 1.777286819417722 NaN NaN NaN NaN 
11.00000818863586 11.0 0.0 4.651467832604621 1.9518451287489162 0.3957089482306951 0.374332037366244 NaN NaN 
12.000008188635856 12.0 0.0 5.33791380387258 2.058547520720761 0.33940683345370637 0.2775590289237094 NaN NaN 
13.000008188635853 13.0 0.0 6.066833229231736 2.066979808269814 0.3055882477772105 0.22050428682597484 NaN NaN 
14.00000818863585 14.0 0.0 6.775765146783252 2.0679850833140665 0.28485228555787906 0.1861777445984798 NaN NaN 
15.000008188635846 15.0 0.0 7.49156777014366 2.1136662705026596 0.27280848771458793 0.16858151674210006 0.35013726194164524 0.28047074995392784 
16.000008188635842 16.0 0.0 8.179887570268598 2.1857768041022947 0.26601065294257936 0.1594166832311254 0.3181558818433654 0.22877361553941503 
17.00000818863584 17.0 0.0 8.875078076202364 2.288424077728013 0.26151531037966347 0.15392020775176496 0.3001083278933404 0.19940859315966694 
18.000008188635835 18.0 0.0 9.559650218613385 2.4063137529375744 0.25893824333819554 0.15085115954295344 0.28861284559536377 0.18120328511787273 
19.00000818863583 19.0 0.0 10.255465334166152 2.5298857037332265 0.25768876795786844 0.1492216511671782 0.2811527719592047 0.1702379970457164 
20.000008188635828 20.0 0.0 10.958151155527798 2.666246908978561 0.25735246836708403 0.1487541876621816 0.27672719837226134 0.16447782385497453 
21.000008188635825 21.0 0.0 11.64959400374769 2.854428821597065 0.257600745213722 0.14885229196001992 0.27400611888210546 0.16099604599664227 
22.00000818863582 22.0 0.0 12.325421611492791 3.042352640269985 0.2579144716248497 0.14896180030473982 0.27284325238108825 0.15951510644919842 
23.000008188635817 23.0 0.0 13.001873828856928 3.246439817179874 0.25829356754125193 0.14914510856090285 0.272553786868278 0.1595777115649285 
24.000008188635814 24.0 0.0 13.63710181136786 3.469704251842349 0.2587284756183385 0.1493763477802675 0.2726246527688776 0.15960335225503094 
25.00000818863581 25.0 0.0 14.2585883822611 3.7383940744777253 0.2591652987168296 0.14974332106182464 0.2728506194127345 0.1597647232825086 
26.000008188635807 26.0 0.0 14.825733916302266 4.020601615636059 0.2595720804471195 0.15016268103481994 0.273190897206435 0.1602083565078618 
27.000008188635803 27.0 0.0 15.40412242348532 4.30708230650438 0.259830592199909 0.15068054869250788 0.27416458227401475 0.15983193038350604 
28.0000081886358 28.0 0.0 15.978138663335463 4.58300084914465 0.25962101212715444 0.15143828719644306 0.27438445160969754 0.16030906996055197 
29.000008188635796 29.0 0.0 16.56027482823241 4.86289737958988 0.25919850664649513 0.15206752677117025 0.27461413003239576 0.16091825852425032 
30.000008188635793 30.0 0.0 17.17489069331667 5.123294265281844 0.2586706643927208 0.15248889738823573 0.2752031223078698 0.16121153775676877 
31.00000818863579 31.0 0.0 17.82136164896947 5.390785508138231 0.25790713454913733 0.15266294093401422 0.2753564678662927 0.16186191277349968 
32.00000818863579 32.0 0.0 18.474078700812086 5.632227260711522 0.25711851062908914 0.15263707668566115 0.2750543381735996 0.16268548271948263 
33.00000818863582 33.0 0.0 19.144284821986258 5.875354787485226 0.25640402972358894 0.15246076127306207 0.27467090765793906 0.1633372630712645 
34.000008188635846 34.0 0.0 19.816364772017447 6.1082941175796766 0.255663874026325 0.15204577068593916 0.2743325244137154 0.16357966225507198 
35.000008188635874 35.0 0.0 20.496564647095614 6.358765166364733 0.2550119455417956 0.15150172181210203 0.27363666139342013 0.16371537501403194 
36.0000081886359 36.0 0.0 21.147407870081175 6.599962677103686 0.25463916680196763 0.15097905715786958 0.2726418225268994 0.1638340735372185 
37.00000818863593 37.0 0.0 21.779512804497138 6.879914971312667 0.25436199990158814 0.1505442914311604 0.27174472526849225 0.1634662041894634 
38.00000818863596 38.0 0.0 22.369768894440988 7.180838078459727 0.25422910849104424 0.150302012504112 0.27109440375806615 0.16324586777512168 
39.00000818863599 39.0 0.0 22.955028107432895 7.4828454657860455 0.2541359644687997 0.15014008630236197 0.27086600169835856 0.16245125354667295 
40.000008188636016 40.0 0.0 23.5365396627107 7.785166682132259 0.2540295624120383 0.1499641414162239 0.2706440378580542 0.1618964515833534 
41.000008188636045 41.0 0.0 24.13678950655836 8.10034887744289 0.2539831995879621 0.1498938897827484 0.2702157434806464 0.16168444064031948 
42.00000818863607 42.0 0.0 24.748906933166722 8.385368976196496 0.25390152084249923 0.1498175981522146 0.270101755254363 0.1611702856067008 
43.0000081886361 43.0 0.0 25.39537788881936 8.660352395990325 0.25383600615938673 0.14986094387659613 0.26983860076747956 0.1612591943691197 
44.00000818863613 44.0 0.0 26.05246720799514 8.906444041904722 0.25371936436113834 0.15010530519214807 0.26989071049213936 0.1610657866053932 
45.00000818863616 45.0 0.0 26.728294815740224 9.169405932394405 0.25360736081974244 0.150373594396391 0.2696761097623086 0.16124103271680001 
46.00000818863619 46.0 0.0 27.386008744534728 9.417053898243502 0.2534072280670724 0.15062893339432856 0.26948132375116324 0.16144171496515491 
47.000008188636215 47.0 0.0 28.053091817614106 9.675177233373494 0.2531719892477618 0.15079153438537815 0.2690796334170826 0.1616402642523959 
48.000008188636244 48.0 0.0 28.711430356027513 9.921273885711596 0.2528151049507036 0.15084335204165913 0.2685143323480081 0.16186642848155594 
49.00000818863627 49.0 0.0 29.34103685196767 10.197113374591144 0.25244219792863015 0.1508009293497251 0.26778961571768023 0.16199762401735202 
50.0000081886363 50.0 0.0 29.94003747657699 10.501911837784322 0.2520947914282326 0.15068059837107037 0.2674045730751129 0.16185326357273755 
51.00000818863633 51.0 0.0 30.534041224234816 10.834677970332082 0.2517333239584145 0.1504914533854003 0.26740677693670417 0.1609496231546352 
52.00000818863636 52.0 0.0 31.117426608369723 11.147138752770552 0.2514760913071145 0.15031684850208718 0.26679290831511904 0.16034189855496533 
53.000008188636386 53.0 0.0 31.731417863834952 11.446738336788561 0.25128674309421095 0.15015827537445067 0.26595066983042365 0.1601307984471243 
54.000008188636414 54.0 0.0 32.36102435977516 11.714342915846013 0.2511226053082803 0.15004838484061925 0.265607136642699 0.15929833997362702 
55.00000818863644 55.0 0.0 33.027482823235246 11.982560002869102 0.25097244810866487 0.14994740963365613 0.26502092350599754 0.15892231302054546 
56.00000818863647 56.0 0.0 33.694565896314785 12.214582543094188 0.2508712107189495 0.14985737181505995 0.26470592655957054 0.15880680110718176 
57.0000081886365 57.0 0.0 34.372891942536064 12.459794929850982 0.25079308569944236 0.14977471394840397 0.26404073063088607 0.1587337113983218 
58.00000818863653 58.0 0.0 35.0374765771392 12.70324150082791 0.2507271792984225 0.14965420332093823 0.2642150348259808 0.15865322492100684 
59.000008188636556 59.0 0.0 35.71267957526551 12.943044285556942 0.25066233238559305 0.14951447815595703 0.26403684804984834 0.15855956187335615 
60.000008188636585 60.0 0.0 36.3822610868206 13.185599536399186 0.2506022356675374 0.14935203765916155 0.2638183315800756 0.1588636357742809 
61.00000818863661 61.0 0.0 37.034353529044346 13.471430662607611 0.25054724420096197 0.1491854572825932 0.26334207733795756 0.15890098969139974 
62.00000818863664 62.0 0.0 37.64334790755765 13.77686810507049 0.25046664342619296 0.14904346565503404 0.2630118561088018 0.15909478269890984 
63.00000818863667 63.0 0.0 38.23797626483463 14.112634654873496 0.25035508560106845 0.14889148129879515 0.26319413043023804 0.1586552594339824 
64.0000081886367 64.0 0.0 38.81761399125534 14.439501880376701 0.2502155808468329 0.14872839139472596 0.2630678569568263 0.15828744245388088 
65.00000818863673 65.0 0.0 39.43160524672087 14.758488251988213 0.250038916462733 0.14856880153760257 0.2628900209582673 0.15790327655434783 
66.00000818863676 66.0 0.0 40.04309806371016 15.041817257100323 0.2498243607810266 0.1483907023607652 0.26273720704598896 0.1576490536172424 
67.00000818863678 67.0 0.0 40.690193628982186 15.313807822517091 0.2496390011729349 0.14818932878933966 0.26236704958590507 0.15736067062693912 
68.00000818863681 68.0 0.0 41.35040599625224 15.5574825694122 0.24946968324564578 0.14798489258514977 0.2620206158254889 0.15732684176535086 
69.00000818863684 69.0 0.0 42.02498438475947 15.793728989392553 0.24933660051457443 0.14775270968827556 0.2614113275782704 0.15719910541107612 
70.00000818863687 70.0 0.0 42.693941286695726 16.04045727275411 0.24922524125362464 0.14749247332196003 0.2607734246584947 0.15687796937263743 
71.0000081886369 71.0 0.0 43.37976264834487 16.29986779681441 0.24911305094513606 0.147174864577269 0.2604559894637652 0.1561908211601664 
72.00000818863693 72.0 0.0 44.05059337913818 16.54956385256655 0.24902912893823975 0.14682627479685798 0.2598765757223894 0.15584508378845244 
73.00000818863695 73.0 0.0 44.71143035602717 16.827185608868227 0.24898565374156922 0.14647949217085976 0.2591631235222738 0.1547995504335863 
74.00000818863698 74.0 0.0 45.32479700187352 17.132080754373934 0.24897858129499975 0.1461732386387091 0.2587559973526214 0.15423735324988244 
75.00000818863701 75.0 0.0 45.92879450343513 17.471367336541473 0.2489997699838896 0.14585580921008817 0.2584660349589093 0.15331495290960168 
76.00000818863704 76.0 0.0 46.51155527795106 17.788128699840765 0.2490614163292477 0.14554620755554432 0.25893973344728544 0.15209060091204935 
77.00000818863707 77.0 0.0 47.110555902561266 18.10717108643108 0.249138954092484 0.14526744995393365 0.25873036436803315 0.15196304452701562 
78.0000081886371 78.0 0.0 47.71455340412213 18.405579162744438 0.2492485872661076 0.14502969870398486 0.2588100419549191 0.15187809649624434 
79.00000818863712 79.0 0.0 48.342286071205656 18.687001284866785 0.2493429933696011 0.1448297166043082 0.25917787256821073 0.15135394312828251 
80.00000818863715 80.0 0.0 48.99812617114281 18.941967202130062 0.2493723670976543 0.14473642691013072 0.25924155558306633 0.15124137385748931 
81.00000818863718 81.0 0.0 49.66770768269844 19.213751918990102 0.24945855040188167 0.1445974802301883 0.25903358412366717 0.15116916896576346 
82.00000818863721 82.0 0.0 50.33978763272973 19.463445794742302 0.2494888666291041 0.14446693626838852 0.2591125349594335 0.15106968952791514 
83.00000818863724 83.0 0.0 51.03435352904417 19.714701217554303 0.24939965370438363 0.14432056551121156 0.25910862646621985 0.15070060415751607 
84.00000818863727 84.0 0.0 51.7070580886948 19.963648374038552 0.24921682591687033 0.14416559811874488 0.2589182380637293 0.15082027008384732 
85.0000081886373 85.0 0.0 52.392254840724604 20.226060910988473 0.24895086351691706 0.14400868700447933 0.25859433708964974 0.15053546538349913 
86.00000818863732 86.0 0.0 53.02498438475946 20.50217977168243 0.24861521649596657 0.14382395438854392 0.2582045068777867 0.15041100314617026 
87.00000818863735 87.0 0.0 53.638351030605826 20.817744913395426 0.24821355326931202 0.1435882503047082 0.2577216248277187 0.15037449289931903 
88.00000818863738 88.0 0.0 54.23922548407246 21.122135554904215 0.2477855182917805 0.14330919343220322 0.25780829573972996 0.1497511006794354 
89.00000818863741 89.0 0.0 54.831980012492444 21.437406014711783 0.2473587008213739 0.14302742172025693 0.2572790874538504 0.1494728990263088 
90.00000818863744 90.0 0.0 55.44846970643387 21.725762339196194 0.24694011487952805 0.142770757501238 0.25672408400606345 0.14932376304378425 
91.00000818863747 91.0 0.0 56.08744534665824 22.01851149674229 0.24651896188011058 0.14252907785278504 0.2563808239971909 0.14895816831583544 
92.0000081886375 92.0 0.0 56.737039350405894 22.28135842984174 0.24592711062925485 0.14255264395781397 0.2561117402893042 0.1487576414773289 
93.00000818863752 93.0 0.0 57.415990006246105 22.540282699200905 0.2454022421618342 0.14244822229403994 0.25558341228445763 0.14846943402628088 
94.00000818863755 94.0 0.0 58.09431605246712 22.786354994218634 0.24479244852466223 0.14238005890885325 0.25503186281608176 0.14857190495638642 
95.00000818863758 95.0 0.0 58.78888194878229 23.046998748463515 0.244145595761675 0.14234235457275357 0.25463030065785086 0.14807587576434794 
96.00000818863761 96.0 0.0 59.461586508432234 23.291440052762532 0.2436223202487749 0.14224250810549907 0.2539121293613781 0.14824687740493034 
97.00000818863764 97.0 0.0 60.13803872579673 23.548334514376794 0.24313551812781461 0.14203941276133905 0.2534074034015138 0.1482771864886702 
98.00000818863766 98.0 0.0 60.775765146782945 23.82575418123866 0.24259534689622358 0.14183993295757513 0.25278761038733427 0.14829775222706237 
99.0000081886377 99.0 0.0 61.382885696439956 24.13638709329852 0.24217728675085481 0.1415780553586058 0.25227328543199334 0.1481380072636616 
100.00000818863772 100.0 0.0 61.98563397876326 24.448116869985025 0.24173086217537 0.1412852671282385 0.25210067080096404 0.14760071722454984 
101.00000818863775 101.0 0.0 62.598376014990954 24.77126303523948 0.24139509416399604 0.14097558021617979 0.25190185216420724 0.14708160322760055 
102.00000818863778 102.0 0.0 63.2173641474081 25.061977641398208 0.24112047338578899 0.14066332715567528 0.2514694502508385 0.14706597117799275 
103.0000081886378 103.0 0.0 63.86758276077456 25.347977329874006 0.24084507993250578 0.14035444299110647 0.25134078544150523 0.14643128978162884 
104.00000818863784 104.0 0.0 64.52217364147418 25.611441081523118 0.24056287558379622 0.14007513689952955 0.2509661320295789 0.14661262476143347 
105.00000818863786 105.0 0.0 65.2098688319802 25.87476429931836 0.24031810011757973 0.1399012128860637 0.2506802263567781 0.14628137338593383 
106.00000818863789 106.0 0.0 65.88132417239233 26.122325839126024 0.24008126323925255 0.1398388923830756 0.25009137350907706 0.14625432925571652 
107.00000818863792 107.0 0.0 66.5615240474705 26.38100867434435 0.2398546926094944 0.13987983462053008 0.24981685745879065 0.14624971194121208 
108.00000818863795 108.0 0.0 67.23048094940677 26.6325453220499 0.2394873105589567 0.14001270501825733 0.24932743778500088 0.14650814082751545 
109.00000818863798 109.0 0.0 67.89381636477168 26.890285755059512 0.23898529964017917 0.1402062002214108 0.24901958387223994 0.14665756110235786 
110.000008188638 110.0 0.0 68.54840724547186 27.15359665908089 0.23840276474694255 0.14037107338485952 0.24809906952875346 0.14672662872131884 
111.00000818863803 111.0 0.0 69.1811367895069 27.464243462307596 0.2377635922098684 0.1404549493514406 0.2472364304226549 0.14684448733388736 
112.00000818863806 112.0 0.0 69.78575890068745 27.77757093527658 0.23709760741500274 0.1404712904423014 0.24713756164659334 0.14651103778605923 
113.00000818863809 113.0 0.0 70.40537164272381 28.09070034953601 0.2362797638666977 0.14041986304281423 0.24652162618758441 0.14620407990349293 
114.00000818863812 114.0 0.0 71.03247970018727 28.37411134132219 0.2354955880863065 0.14027772212493542 0.24605216512443853 0.1462298842960253 
115.00000818863815 115.0 0.0 71.68519675202963 28.66364573770908 0.23458453258713444 0.1401797864860376 0.2456032137188191 0.145921105986127 
116.00000818863818 116.0 0.0 72.3335415365394 28.929006732208826 0.2338221518062423 0.1396922399152125 0.24497202637409243 0.1459923967730746 
117.0000081886382 117.0 0.0 73.01186758276025 29.184400526179353 0.23314433125788422 0.13912381227235682 0.24485199931039384 0.1457274065210909 
118.00000818863823 118.0 0.0 73.68519675202963 29.432203230082738 0.2324174970051557 0.1383954745260748 0.24421886856881117 0.14588687118373508 
119.00000818863826 119.0 0.0 74.35227982510904 29.69243710714311 0.23163597448230575 0.13772954423478379 0.24362198570595256 0.14585859417093927 
120.00000818863829 120.0 0.0 75.03185509056824 29.942292157064173 0.23096545536160726 0.13730520394549894 0.24333710257657265 0.14559461852010835 
121.00000818863832 121.0 0.0 75.7176764522168 30.203749661221888 0.23037327262712212 0.13699485549683144 0.24261469355808357 0.1456395893815691 
122.00000818863835 122.0 0.0 76.37913803872537 30.467778709753986 0.22978150171556583 0.13665885687230514 0.24168197403070782 0.14554188369050047 
123.00000818863838 123.0 0.0 77.02311055590215 30.769609041526504 0.22928867024571314 0.13637560019031802 0.24064830759784148 0.1453951232306809 
124.0000081886384 124.0 0.0 77.63335415365377 31.08170461549898 0.2288801927872642 0.1361603822107764 0.24030346275431502 0.1450131538995685 
125.00000818863843 125.0 0.0 78.25733916302254 31.40605013632751 0.22854006905949675 0.13600210505635799 0.24016322544931065 0.14420885564994587 
126.00000818863846 126.0 0.0 78.86883198001216 31.70276461442089 0.2281154467176978 0.13601511456712362 0.23913694818783948 0.14450651884612048 
127.00000818863849 127.0 0.0 79.50843222985584 31.99459071629247 0.22776472499817052 0.1359792559294573 0.23877995002239527 0.14435665247773105 
128.0000081886385 128.0 0.0 80.1586508432231 32.26046053884919 0.22748864451130732 0.1358750069161128 0.23873840417702438 0.1442436278500236 
129.00000818863853 129.0 0.0 80.83198001249248 32.50920833609451 0.22722593036032684 0.13577260698324725 0.2384266286649514 0.1442825464484319 
130.00000818863856 130.0 0.0 81.51592754528478 32.75163969032318 0.22696818295577972 0.13568092974753918 0.23806580399148944 0.14410476069063685 
131.0000081886386 131.0 0.0 82.19925046845746 33.021446053101094 0.22669595003172655 0.13558830907732813 0.23763623794728064 0.14406173981894368 
132.00000818863862 132.0 0.0 82.8919425359147 33.26189924352934 0.22640486657053294 0.13547428097780115 0.23734603721358483 0.14387177185827282 
133.00000818863865 133.0 0.0 83.58713304184906 33.51703013898921 0.22608865539325707 0.1353910251934272 0.2368802978373186 0.14394677028742844 
134.00000818863867 134.0 0.0 84.24921923797655 33.781832779654195 0.22577554070340436 0.13532210125430544 0.23653082105303852 0.1437602680781483 
135.0000081886387 135.0 0.0 84.90568394753235 34.08138016457883 0.2254619360349731 0.13525655800499742 0.23614230518632456 0.14357127039307424 
136.00000818863873 136.0 0.0 85.5227982510936 34.3792035417475 0.22516173370479423 0.13515476714382185 0.235659423093022 0.14358535030113295 
137.00000818863876 137.0 0.0 86.15677701436573 34.673762135163386 0.22490615055340857 0.1349983537885997 0.23597925603433184 0.1429798569118837 
138.0000081886388 138.0 0.0 86.77951280449777 34.95945122584849 0.22468207668518783 0.13484019668586858 0.23564072170352462 0.1430546823036063 
139.00000818863882 139.0 0.0 87.40599625234215 35.24991225552892 0.22447723022757857 0.13470079296379575 0.23540291410499684 0.14302441976535393 
140.00000818863884 140.0 0.0 88.06246096189942 35.51353398621266 0.2243385413801903 0.13451041578925332 0.23554540049861447 0.1425862354283058 
141.00000818863887 141.0 0.0 88.73766396002466 35.78321725040283 0.22422002150613554 0.1343159915076216 0.23553261100282222 0.14245351730838404 
142.0000081886389 142.0 0.0 89.41536539662668 36.03162484203333 0.22402067341482007 0.13424618091806112 0.23544431455488082 0.14245635513425167 
143.00000818863893 143.0 0.0 90.10930668332243 36.29045907096678 0.2239200165122557 0.13403953125029958 0.23516757615088502 0.1422364123593636 
144.00000818863896 144.0 0.0 90.80012492192412 36.53180155678589 0.22387374660201922 0.13376170927402345 0.2352611146246059 0.1418745536908665 
145.000008188639 145.0 0.0 91.49531542785698 36.79174682304531 0.22377312784752482 0.13348348160487447 0.2348755317395824 0.1418817877011974 
146.00000818863901 146.0 0.0 92.16114928169874 37.04268166154185 0.22371823498581894 0.1331437616783803 0.23460034473107616 0.1417323701867859 
147.00000818863904 147.0 0.0 92.81886321049308 37.32086774121048 0.2237057392575787 0.13278005284694172 0.23435144598795596 0.14150523455285072 
148.00000818863907 148.0 0.0 93.44409743910093 37.61197653940158 0.2237261352141378 0.13240415691473117 0.23412350510328417 0.14157336278943164 
149.0000081886391 149.0 0.0 94.06808244846962 37.90825750259703 0.22371731015670324 0.13208386582262038 0.23424894448625475 0.1410604175209142 
150.00000818863913 150.0 0.0 94.70018738288624 38.195893839716305 0.22363202562562576 0.13186529936520114 0.2341381663376049 0.14053794990469454 
151.00000818863916 151.0 0.0 95.34540911930003 38.496590666877715 0.22357213457467584 0.13165508979551102 0.23358500086771822 0.1406349236276407 
152.00000818863919 152.0 0.0 95.99937539038129 38.770212465365915 0.2235540764502161 0.13138883860342973 0.23342635272708295 0.14026504638400844 
153.0000081886392 153.0 0.0 96.6789506558395 39.04091588190773 0.22357418609417626 0.13112428797950806 0.23273386673873314 0.14012294063657574 
154.00000818863924 154.0 0.0 97.36039975015636 39.28941531557956 0.22358758608608337 0.13093425836350056 0.23230099047675 0.1396690561926204 
155.00000818863927 155.0 0.0 98.0580886945664 39.554847978403686 0.2235830894243618 0.1308679578207212 0.23170807274946598 0.13918470020324608 
156.0000081886393 156.0 0.0 98.73266708307276 39.80786339964413 0.22347986203735706 0.1309009982555824 0.23117023969947725 0.13878675006982738 
157.00000818863933 157.0 0.0 99.42410993129283 40.06288049239487 0.22337092579368836 0.13099253792702165 0.23061389776585806 0.13858504425114335 
158.00000818863936 158.0 0.0 100.10430980637102 40.30418387294268 0.22330083136136322 0.13112916629356872 0.23006537994250884 0.13841095677520138 
159.00000818863938 159.0 0.0 100.75952529668974 40.57456420929889 0.22326079587662764 0.13128907880617774 0.22944872673647476 0.1380315713573562 
160.0000081886394 160.0 0.0 101.39850093691469 40.858580466670574 0.22320168042048616 0.13146223458670475 0.22914493236016586 0.13773679370724098 
161.00000818863944 161.0 0.0 102.0262336039982 41.17316251355847 0.22315875037079438 0.1316548213677509 0.22956204280283796 0.13724907553788143 
162.00000818863947 162.0 0.0 102.64959400374684 41.46400865687688 0.2231436637822486 0.13184495507278327 0.22937717510180508 0.13723875861318344 
163.0000081886395 163.0 0.0 103.30168644597113 41.739798794485374 0.22299274376415895 0.13228395894664255 0.22876420794292152 0.13759665023193093 
164.00000818863953 164.0 0.0 103.96752029981307 41.98348120880086 0.22283437104419648 0.1327312070063603 0.22880019800640128 0.13758984736571178 
165.00000818863955 165.0 0.0 104.66583385384196 42.240607100216565 0.22284605345284036 0.13291018993455897 0.22872111367369494 0.1379890634993718 
166.00000818863958 166.0 0.0 105.35852592129885 42.46357414097109 0.22279631552065118 0.13312683984936344 0.22861865358940742 0.13836009585740938 
167.0000081886396 167.0 0.0 106.06308557151826 42.69754551169533 0.22269966452791587 0.1333731583153102 0.22825263313470784 0.13877102049959728 
168.00000818863964 168.0 0.0 106.75327920049918 42.93065298597992 0.22259782672676492 0.13358058982626816 0.22842679368687568 0.13912155033500861 
169.00000818863967 169.0 0.0 107.45159275452804 43.15937397048373 0.22251407975479223 0.13369266706199434 0.22837088933137623 0.13933460909856396 
170.0000081886397 170.0 0.0 108.14490943160554 43.39402594980589 0.22243643197634216 0.1337296495233533 0.22805159450167875 0.13972133680885276 
171.00000818863973 171.0 0.0 108.822610868208 43.66588786946974 0.2222887740776412 0.1337569308570921 0.22752581408423253 0.13974458735710302 
172.00000818863975 172.0 0.0 109.46283572767005 43.95962663858323 0.2221841604130603 0.1336560946443714 0.2275044512911661 0.13980004449480896 
173.00000818863978 173.0 0.0 110.09244222361066 44.282984306551896 0.22203124943665084 0.13355601941279843 0.22786607544558865 0.13916596972244738 
174.0000081886398 174.0 0.0 110.71330418488496 44.59220368111493 0.22190511644007674 0.1334362117229186 0.2279922929977956 0.13884293515543863 
175.00000818863984 175.0 0.0 111.36477201748912 44.894591636561586 0.22187698694941138 0.1332237474454153 0.22815179127482194 0.13863956998623383 
176.00000818863987 176.0 0.0 112.01374141161754 45.16310508651502 0.22190334943287324 0.13293581035361124 0.22843012968899953 0.1383145193393098 
177.0000081886399 177.0 0.0 112.69206745783865 45.4269687882143 0.221961277716783 0.1325980530256739 0.22853879065846708 0.1381491615788881 
178.00000818863992 178.0 0.0 113.38038725796413 45.6609607881825 0.2220395811703793 0.13223943655371537 0.22875786278142665 0.1380569855232972 
179.00000818863995 179.0 0.0 114.0824484697058 45.886116614955824 0.222151528773469 0.131844488524198 0.22867674851478983 0.13778178567959332 
180.00000818863998 180.0 0.0 114.77951280449784 46.12241298991732 0.22224923281164574 0.13148879302389882 0.22854345143600371 0.13747480407980034 
181.00000818864 181.0 0.0 115.49469081823818 46.364359998224636 0.22227712105153866 0.1312129930937126 0.2284576130835588 0.1369618749064998 
182.00000818864004 182.0 0.0 116.19175515303014 46.60307213027934 0.22225912857463964 0.13102031238700285 0.2281663731432906 0.13708198368677463 
183.00000818864007 183.0 0.0 116.87757651467828 46.867926166228365 0.2222460250482143 0.13086008908527139 0.22789741865853427 0.13655217802400263 
184.0000081886401 184.0 0.0 117.5227982510939 47.15431725902607 0.22227467142943003 0.13064587285361082 0.22784285342082533 0.13633888327134275 
185.00000818864012 185.0 0.0 118.15740162398474 47.46909741341422 0.22234839133535356 0.1303732564900333 0.22803633417730124 0.1362181385305611 
186.00000818864015 186.0 0.0 118.7757651467829 47.75928247267529 0.22251570929379852 0.1300160049021429 0.228834281934155 0.13538061378916086 
187.00000818864018 187.0 0.0 119.40974391005619 48.05197191580046 0.22270002089295338 0.1296588202842575 0.2287871238598517 0.13522235398558163 
188.0000081886402 188.0 0.0 120.03810118675882 48.33027438771954 0.22286192991506126 0.12933884701579798 0.22906110054417875 0.13508584459637454 
189.00000818864024 189.0 0.0 120.69144284822009 48.59638343518343 0.22282637445294784 0.12930042209735068 0.22951858565761368 0.13458272366853077 
190.00000818864027 190.0 0.0 121.37601499063133 48.84105367782093 0.2228801773375471 0.12909629435534709 0.2296995016929768 0.13434818864866943 
191.0000081886403 191.0 0.0 122.07245471580278 49.10120667593728 0.2228655447422684 0.12889813677450715 0.22946773534977913 0.13399078050712213 
192.00000818864032 192.0 0.0 122.76577139287993 49.33821518529223 0.22271177311150014 0.12875598379129577 0.22944419737010277 0.13394160559187257 
193.00000818864035 193.0 0.0 123.48407245471483 49.56910481746437 0.22236017851052708 0.12874049807902233 0.22933408719476497 0.13355508225414853 
194.00000818864038 194.0 0.0 124.17801374141267 49.80237360108765 0.22180270629611665 0.12882102311792235 0.22885837324958994 0.13377830616031736 
195.0000081886404 195.0 0.0 124.88132417239288 50.05107049050441 0.22106055486450277 0.1290061722335064 0.22835539254699266 0.13405794864833137 
196.00000818864044 196.0 0.0 125.53591505309117 50.31339399755058 0.22024824770154094 0.12912669360198997 0.2278559520503664 0.13412289117743326 
197.00000818864046 197.0 0.0 126.17489069331695 50.61496215674414 0.21933259055892 0.12918656327530087 0.22699797470309807 0.13433620989947168 
198.0000081886405 198.0 0.0 126.80387257963878 50.90625216998154 0.21808193318782532 0.12915987044905242 0.2267196813137459 0.13416944868884356 
199.00000818864052 199.0 0.0 127.42785758900743 51.202269954267514 0.21713389214171908 0.12881851894379723 0.22583481867331112 0.13415694761958982 
200.00000818864055 200.0 0.0 128.0774515927541 51.47815310888257 0.21592151861455644 0.1282004470940423 0.2246753732087768 0.1340837416112236 
201.00000818864058 201.0 0.0 128.74703310430965 51.760980407585684 0.21454069650306226 0.127101509794819 0.22368743621006032 0.13373186740804768 
202.0000081886406 202.0 0.0 129.42223610243542 52.01909846630079 0.21316270646983596 0.1259172941544357 0.22280665103066521 0.13338826510109011 
203.00000818864063 203.0 0.0 130.12866958151116 52.26621455387218 0.21169154078045696 0.12410735405868445 0.22156070766622105 0.13263160646602248 
204.00000818864066 204.0 0.0 130.82948157401677 52.50230023811921 0.21044393097184133 0.12265082597790324 0.22010735382332008 0.13202012300489954 
205.0000081886407 205.0 0.0 131.5471580262339 52.747800247788874 0.20948090308952852 0.12184985193547863 0.21898216663750714 0.13085176415067534 
206.00000818864072 206.0 0.0 132.2404747033111 52.98100141347384 0.20889862304040105 0.12147960901798852 0.21761703641846503 0.13002360304076524 
207.00000818864075 207.0 0.0 132.9431605246723 53.22602645562472 0.2085181461976472 0.12130692690925504 0.2165510246643169 0.12909445754432616 
208.00000818864078 208.0 0.0 133.6058713304188 53.49382151712416 0.20836979245900353 0.1213751338368707 0.21590939368423706 0.12831114460138854 
209.0000081886408 209.0 0.0 134.24359775140533 53.792314721046246 0.20826709870318652 0.12151180937963414 0.21556449826731966 0.12825222738733602 
210.00000818864083 210.0 0.0 134.88257339162962 54.08850342146209 0.20820374158935345 0.12177166346362654 0.21558747385989316 0.12809779855895054 
211.00000818864086 211.0 0.0 135.53341661461607 54.391913818893435 0.2081546919593006 0.12210628449599834 0.21557463728449017 0.12791293705248488 
212.0000081886409 212.0 0.0 136.18176139912603 54.67233136738853 0.208112588456756 0.12247398523396867 0.21543300116613198 0.1282692723321008 
213.00000818864092 213.0 0.0 136.8588382261094 54.94780533287438 0.20807996905345935 0.12284810416957466 0.21557149880074647 0.1282900262607835 
214.00000818864095 214.0 0.0 137.53653966271156 55.20526533102236 0.20806032792273865 0.1232568975330681 0.21543398432619473 0.1289659253373147 
215.00000818864098 215.0 0.0 138.24672079950085 55.45456217303147 0.208012563984153 0.123784212326092 0.21568316303615556 0.12946384012332535 
216.000008188641 216.0 0.0 138.934415990006 55.690383559905406 0.20798917484558072 0.12432981523211248 0.21554419568944552 0.13014781042404805 
217.00000818864103 217.0 0.0 139.6308557151774 55.93503394411933 0.20806751532338968 0.12480397020622841 0.21561757949179094 0.1306435776281611 
218.00000818864106 218.0 0.0 140.31542785758867 56.17088719330025 0.20830119380123635 0.12518060097342082 0.21562541507152025 0.13124800905224587 
219.0000081886411 219.0 0.0 140.9968769519058 56.415074361738434 0.20857742702964452 0.12555692013786207 0.21581711071557666 0.13185252684070967 
220.00000818864112 220.0 0.0 141.66833229231676 56.668889637785526 0.2089058029965068 0.1258408259251601 0.2158854920777264 0.13212099194561125 
221.00000818864115 221.0 0.0 142.32604622111242 56.96189408210008 0.20923260247348027 0.12623502116118146 0.21593212193923486 0.13243616038320058 
222.00000818864117 222.0 0.0 142.96127420362194 57.25773746294396 0.2094396217236513 0.12671302483379634 0.2167570226395442 0.1326020636795381 
223.0000081886412 223.0 0.0 143.61211742660856 57.549620572825674 0.20952839080991834 0.12724048735975532 0.2169439197288016 0.13278233181884466 
224.00000818864123 224.0 0.0 144.27170518425928 57.82022142082322 0.2094664630274657 0.12780190830563865 0.2169521847807907 0.13353679853389183 
225.00000818864126 225.0 0.0 144.95190505933851 58.093197195807306 0.20929644358351074 0.12818963750481074 0.21746392980369658 0.13369010057999844 
226.0000081886413 226.0 0.0 145.6221111805114 58.34303930881667 0.20917506817872714 0.12806528213010324 0.21758577449498778 0.1341257981428225 
227.00000818864132 227.0 0.0 146.31980012492292 58.58556916135617 0.20880626249319617 0.12784656495154512 0.21777866435111332 0.13442253881533464 
228.00000818864135 228.0 0.0 147.01311680199828 58.816094335156414 0.20808302331150663 0.12721425797468153 0.2174494326702987 0.13474298923276642 
229.00000818864137 229.0 0.0 147.6951905059347 59.06125661636656 0.20748731349905564 0.12627462642867507 0.21688639472776683 0.13501333319396985 
230.0000081886414 230.0 0.0 148.39225484072347 59.296910037328466 0.206717451252965 0.12472203983320901 0.21653629576194408 0.13471127043069034 
231.00000818864143 231.0 0.0 149.09868831980123 59.54494314825026 0.20602795248518055 0.12381133075547013 0.21551512862113237 0.1339569828955533 
232.00000818864146 232.0 0.0 149.78138663335503 59.80290275836163 0.20555779264260987 0.12342878063086835 0.21450196054432466 0.13281470255856975 
233.0000081886415 233.0 0.0 150.44971892567077 60.09698516966928 0.20521657927265788 0.12330316405630452 0.21313302448298682 0.13174304650324084 
234.00000818864152 234.0 0.0 151.09244222360977 60.39477584273587 0.20493251359016676 0.12322541062945343 0.21228316022373656 0.13016229986639735 
235.00000818864154 235.0 0.0 151.75265459087976 60.698620511600744 0.2049007842642919 0.12337564286149927 0.21203256358621403 0.12908420527028772 
236.00000818864157 236.0 0.0 152.3953778888199 60.979826201972976 0.204810798393093 0.12352080481161959 0.21138274891548506 0.12943747923608098 
237.0000081886416 237.0 0.0 153.0605871330424 61.26136181889052 0.20471933074873733 0.12377014553039209 0.21120178166406783 0.12947290667995429 
238.00000818864163 238.0 0.0 153.73266708307273 61.518491028671626 0.2045872680249364 0.12397525881775971 0.21124917311161728 0.12967914795607746 
239.00000818864166 239.0 0.0 154.42410993129283 61.75494428260697 0.2044389624241972 0.12413332700895756 0.2111270630796879 0.1301082534832498 
240.0000081886417 240.0 0.0 155.12117426608395 61.9794345538915 0.20431180253788572 0.12423276144247 0.2109614924039358 0.1301632861818621 
241.00000818864171 241.0 0.0 155.81074328544767 62.229643535132766 0.20422253289906744 0.12420309450787637 0.21062970448998322 0.13032439168883958 
242.00000818864174 242.0 0.0 156.50281074328467 62.445017001717396 0.20419809363863686 0.12408723042831978 0.21058073820002782 0.13027386005107053 
243.00000818864177 243.0 0.0 157.1905059337926 62.67680440008355 0.20417385965481288 0.12380684673444216 0.21018504404552615 0.1304786782141241 
244.0000081886418 244.0 0.0 157.85009369144322 62.92144915729207 0.20401305083935228 0.12349178201400339 0.2101238626672317 0.13025522351879343 
245.00000818864183 245.0 0.0 158.51217988757068 63.19579699479731 0.20394548949257374 0.123119526719974 0.21016831214515763 0.12993571040413338 
246.00000818864186 246.0 0.0 159.14366021236776 63.47193749086628 0.2039431931030103 0.12256891087492734 0.21007666223278126 0.1299311174820647 
247.00000818864189 247.0 0.0 159.79825109306674 63.74631281054166 0.20406848326922608 0.12183446475106363 0.21048779897503672 0.1292258189676717 
248.0000081886419 248.0 0.0 160.44597126795693 64.0172221774866 0.2042892969552635 0.12094896570774555 0.21040813789586976 0.12924876813695652 
249.00000818864194 249.0 0.0 161.0930668332291 64.29687557067737 0.20461006855037842 0.12006290713651502 0.21060594025191598 0.1287244800731373 
250.00000818864197 250.0 0.0 161.7738913179257 64.55333138507018 0.20468156236411608 0.11888303685806996 0.21100063674641584 0.12758531023365177 
#####################################################################
# End of data export. Simulation finished at: 2020-02-27T09:57+0000 #
#####################################################################
