#####################################################################
# Alchemist log file - simulation started at: 2020-02-27T09:00+0000 #
#####################################################################
# seed = 25.0, reactivity = 1.1, speed = 1
#
# The columns have the following meaning: 
# time classicrc[Mean] classicrc[StandardDeviation] reactiverc[Mean] reactiverc[StandardDeviation] errorclassic[Mean] errorclassic[StandardDeviation] errorreactive[Mean] errorreactive[StandardDeviation] 
0.0 NaN NaN NaN NaN NaN NaN NaN NaN 
1.0000066997929955 1.0 0.0 1.0 0.0 NaN NaN NaN NaN 
2.0000066997929946 2.0 0.0 1.2054965646470959 0.4041902632355751 NaN NaN NaN NaN 
3.0000066997929937 3.0 0.0 1.8869456589631481 0.35047928279744306 NaN NaN NaN NaN 
4.000006699792993 4.0 0.0 1.998126171143036 0.511733804405074 NaN NaN NaN NaN 
5.000006699792992 5.0 0.0 2.2354778263585224 0.8178572841054023 NaN NaN NaN NaN 
6.0000066997929915 6.0 0.0 2.6302311055590253 1.1600368567665655 NaN NaN NaN NaN 
7.000006699792991 7.0 0.0 3.193628981886322 1.4785920278290048 NaN NaN NaN NaN 
8.00000669979299 8.0 0.0 3.8694565896314788 1.7492349090447057 NaN NaN NaN NaN 
9.000006699793 9.0 0.0 4.651467832604621 1.9518451287489162 NaN NaN NaN NaN 
10.000006699793008 10.0 0.0 5.486570893191756 2.055170502994155 NaN NaN NaN NaN 
11.000006699793017 11.0 0.0 6.351655215490314 2.0858179021787477 0.3957089482306951 0.374332037366244 NaN NaN 
12.000006699793026 12.0 0.0 7.209244222361033 2.143726776187484 0.33940683345370637 0.2775590289237094 0.35792758312144873 0.3025224029643953 
13.000006699793035 13.0 0.0 8.038725796377241 2.2648950031713215 0.3055882477772105 0.22050428682597484 0.31237880399419393 0.22769223393245158 
14.000006699793044 14.0 0.0 8.837601499063066 2.433846799533143 0.28485228555787906 0.1861777445984798 0.2894099113505203 0.18981130857884015 
15.000006699793053 15.0 0.0 9.643972517176778 2.642567919513933 0.27280848771458793 0.16858151674210006 0.2761161986785995 0.16904652060035782 
16.00000669979306 16.0 0.0 10.43722673329168 2.857002503356433 0.26601065294257936 0.1594166832311254 0.2686984668795745 0.15793825270121464 
17.00000669979305 17.0 0.0 11.236727045596476 3.1071772207381905 0.26151531037966347 0.15392020775176496 0.2647637523168719 0.15315888005467637 
18.00000669979304 18.0 0.0 12.044347282948173 3.3275226654854113 0.25893824333819554 0.15085115954295344 0.2627059051863101 0.1508871187401063 
19.00000669979303 19.0 0.0 12.841973766395997 3.5739525880754712 0.25768876795786844 0.1492216511671782 0.2624270543378291 0.15056038864109608 
20.00000669979302 20.0 0.0 13.610243597751431 3.827759789109422 0.25735246836708403 0.1487541876621816 0.26272209747416125 0.15014163883775478 
21.00000669979301 21.0 0.0 14.36664584634608 4.125816501629932 0.257600745213722 0.14885229196001992 0.26289941409315937 0.15061581066896296 
22.000006699792998 22.0 0.0 15.089319175515259 4.464178770915038 0.2579144716248497 0.14896180030473982 0.26306613840105236 0.1510172802334477 
23.000006699792987 23.0 0.0 15.777014366021199 4.842351838767864 0.25829356754125193 0.14914510856090285 0.2632991481945564 0.15167477059956377 
24.000006699792976 24.0 0.0 16.44784509681449 5.241534547819968 0.2587284756183385 0.1493763477802675 0.26386024405215414 0.15195851439264263 
25.000006699792966 25.0 0.0 17.134291068082522 5.6575241614797 0.2591652987168296 0.14974332106182464 0.26469908178253887 0.1523948018985698 
26.000006699792955 26.0 0.0 17.825733916302283 6.032846538049451 0.2595720804471195 0.15016268103481994 0.26545186415487915 0.15229333452291616 
27.000006699792944 27.0 0.0 18.559025608994293 6.411448358208061 0.259830592199909 0.15068054869250788 0.2657161479153883 0.152965814328081 
28.000006699792934 28.0 0.0 19.298563397876336 6.767167367878847 0.25962101212715444 0.15143828719644306 0.26631231963166746 0.15319611309412146 
29.000006699792923 29.0 0.0 20.066833229231804 7.106504452105499 0.25919850664649513 0.15206752677117025 0.26685189417857175 0.15372577595625142 
30.000006699792912 30.0 0.0 20.854465958775762 7.405027454726074 0.2586706643927208 0.15248889738823573 0.2663676793143437 0.15443964003716934 
31.000006699792902 31.0 0.0 21.646470955652678 7.728352935817654 0.25790713454913733 0.15266294093401422 0.2658416665082292 0.15514096256348134 
32.00000669979289 32.0 0.0 22.427857589006877 8.053722646683704 0.25711851062908914 0.15263707668566115 0.2653413980002515 0.1552974913073187 
33.00000669979292 33.0 0.0 23.191755153029337 8.393827016326485 0.25640402972358894 0.15246076127306207 0.2643984247812287 0.15561759963878286 
34.00000669979295 34.0 0.0 23.91817613991264 8.758719979052596 0.255663874026325 0.15204577068593916 0.2632799920110282 0.15543809134354877 
35.000006699792976 35.0 0.0 24.623985009369207 9.17032029755642 0.2550119455417956 0.15150172181210203 0.26197634530134223 0.1554622520779222 
36.000006699793005 36.0 0.0 25.294815740162353 9.585498388537383 0.25463916680196763 0.15097905715786958 0.2614095841611744 0.15497132789451962 
37.00000669979303 37.0 0.0 25.98875702685811 10.007803131384659 0.25436199990158814 0.1505442914311604 0.26152102136353683 0.15406363310340587 
38.00000669979306 38.0 0.0 26.694565896314664 10.40485591933216 0.25422910849104424 0.150302012504112 0.2609907353261903 0.15345437367714596 
39.00000669979309 39.0 0.0 27.437851342910523 10.786219976450875 0.2541359644687997 0.15014008630236197 0.26089679092181656 0.152599524663414 
40.00000669979312 40.0 0.0 28.188632104934438 11.135052567913357 0.2540295624120383 0.1499641414162239 0.26070231194679255 0.1521558143627589 
41.00000669979315 41.0 0.0 28.960024984384603 11.487750040777199 0.2539831995879621 0.1498938897827484 0.26074342338803713 0.15205951261635856 
42.000006699793175 42.0 0.0 29.765146783260562 11.805234410805499 0.25390152084249923 0.1498175981522146 0.26044232071735957 0.15235540565501407 
43.000006699793204 43.0 0.0 30.558400999375493 12.139830865444615 0.25383600615938673 0.14986094387659613 0.26039329126591687 0.15254488850629683 
44.00000669979323 44.0 0.0 31.32479700187374 12.481163446345526 0.25371936436113834 0.15010530519214807 0.2601755778411964 0.1528537410764737 
45.00000669979326 45.0 0.0 32.08806995627732 12.840088155269944 0.25360736081974244 0.150373594396391 0.2598511071865124 0.15333840471379706 
46.00000669979329 46.0 0.0 32.79075577763888 13.222918153378354 0.2534072280670724 0.15062893339432856 0.2592699606413958 0.15361514648461294 
47.00000669979332 47.0 0.0 33.484697064334995 13.645921439162642 0.2531719892477618 0.15079153438537815 0.25840334972279694 0.15392123660659687 
48.000006699793346 48.0 0.0 34.161773891317964 14.07291504455785 0.2528151049507036 0.15084335204165913 0.25780866447244866 0.15361801478778397 
49.000006699793374 49.0 0.0 34.8594628357276 14.500633157254656 0.25244219792863015 0.1508009293497251 0.25778049745655357 0.15274418066378556 
50.0000066997934 50.0 0.0 35.57713928794498 14.883605143284697 0.2520947914282326 0.15068059837107037 0.2571704236295443 0.15176988450399698 
51.00000669979343 51.0 0.0 36.334166146158665 15.259059217228256 0.2517333239584145 0.1504914533854003 0.25640273833402016 0.1514594952850728 
52.00000669979346 52.0 0.0 37.10181136789529 15.617866466547149 0.2514760913071145 0.15031684850208718 0.25623030043757594 0.15089777557638345 
53.00000669979349 53.0 0.0 37.897564022486094 15.955351776513856 0.25128674309421095 0.15015827537445067 0.2561840655219695 0.15075813581559339 
54.000006699793516 54.0 0.0 38.69706433479096 16.27636469321328 0.2511226053082803 0.15004838484061925 0.2554125134722073 0.15073981107727777 
55.000006699793545 55.0 0.0 39.48719550281084 16.622085975965252 0.25097244810866487 0.14994740963365613 0.25521625788772545 0.15082802709408705 
56.00000669979357 56.0 0.0 40.2336039975015 16.970206099679043 0.2508712107189495 0.14985737181505995 0.25496593724964683 0.15095169210061732 
57.0000066997936 57.0 0.0 40.98438475952502 17.336352875154233 0.25079308569944236 0.14977471394840397 0.25495050157849386 0.15091610879413744 
58.00000669979363 58.0 0.0 41.69706433479097 17.723749536327805 0.2507271792984225 0.14965420332093823 0.2543956716675523 0.15109670046080134 
59.00000669979366 59.0 0.0 42.39787632729555 18.149682379788192 0.25066233238559305 0.14951447815595703 0.25410682688777053 0.15098119293820142 
60.00000669979369 60.0 0.0 43.08244846970656 18.57257919625726 0.2506022356675374 0.14935203765916155 0.2542534214325151 0.15048740443021116 
61.000006699793715 61.0 0.0 43.79512804497172 18.989846003831115 0.25054724420096197 0.1491854572825932 0.25458686203637293 0.14999229964627872 
62.000006699793744 62.0 0.0 44.53653966271052 19.37217902737286 0.25046664342619296 0.14904346565503404 0.2544373230943138 0.1498267423959826 
63.00000669979377 63.0 0.0 45.31043098063735 19.73826733471431 0.25035508560106845 0.14889148129879515 0.2542489431872659 0.1497950701585597 
64.0000066997938 64.0 0.0 46.08682073703967 20.08455457431075 0.2502155808468329 0.14872839139472596 0.2539904736116315 0.14966429970202363 
65.00000669979383 65.0 0.0 46.89818863210468 20.41213494387335 0.250038916462733 0.14856880153760257 0.2540380428840142 0.14965236980557958 
66.00000669979386 66.0 0.0 47.68582136164913 20.72632637711191 0.2498243607810266 0.1483907023607652 0.2532653814146826 0.14998982333332378 
67.00000669979389 67.0 0.0 48.4747033104312 21.0678847046292 0.2496390011729349 0.14818932878933966 0.2529960226539815 0.1496929225931521 
68.00000669979391 68.0 0.0 49.232979387882175 21.413957170037445 0.24946968324564578 0.14798489258514977 0.25249019728582317 0.1495320895008373 
69.00000669979394 69.0 0.0 49.985633978763104 21.78506755758271 0.24933660051457443 0.14775270968827556 0.2518111339085392 0.14900685433725858 
70.00000669979397 70.0 0.0 50.698313554028864 22.17799141951598 0.24922524125362464 0.14749247332196003 0.2510550157286711 0.14827967199822592 
71.000006699794 71.0 0.0 51.39287945034384 22.61959712873051 0.24911305094513606 0.147174864577269 0.25059433990238483 0.14747680484697667 
72.00000669979403 72.0 0.0 52.088069956277586 23.05079421267532 0.24902912893823975 0.14682627479685798 0.2504458283162463 0.1467050375154482 
73.00000669979406 73.0 0.0 52.81261711430354 23.465024306591516 0.24898565374156922 0.14647949217085976 0.25058494795164493 0.14548003579876775 
74.00000669979408 74.0 0.0 53.5509056839477 23.852228685004075 0.24897858129499975 0.1461732386387091 0.250333586129548 0.14523101115004797 
75.00000669979411 75.0 0.0 54.320424734540985 24.227291198553083 0.2489997699838896 0.14585580921008817 0.2506777990094569 0.1448125442777165 
76.00000669979414 76.0 0.0 55.091193004371846 24.563930439535856 0.2490614163292477 0.14554620755554432 0.2506794826648116 0.1446423575106513 
77.00000669979417 77.0 0.0 55.90068707058051 24.88916944732472 0.249138954092484 0.14526744995393365 0.25098201948512344 0.14441755487368266 
78.0000066997942 78.0 0.0 56.69331667707735 25.20913051962086 0.2492485872661076 0.14502969870398486 0.25074771798964757 0.14424862723441667 
79.00000669979423 79.0 0.0 57.48282323547802 25.552736859764508 0.2493429933696011 0.1448297166043082 0.2507638687228795 0.14373704690437428 
80.00000669979426 80.0 0.0 58.25296689569036 25.890183327943674 0.2493723670976543 0.14473642691013072 0.2506738052769956 0.14361384586338147 
81.00000669979428 81.0 0.0 59.00437226733311 26.271574103416963 0.24945855040188167 0.1445974802301883 0.25045266150208284 0.14353982725542666 
82.00000669979431 82.0 0.0 59.72017489069346 26.687598224070197 0.2494888666291041 0.14446693626838852 0.25020377773056646 0.14355906680861438 
83.00000669979434 83.0 0.0 60.43035602748326 27.120154920937786 0.24939965370438363 0.14432056551121156 0.25022319945465193 0.14328599010873722 
84.00000669979437 84.0 0.0 61.13741411617756 27.53649588380928 0.24921682591687033 0.14416559811874488 0.2500629758443199 0.14321197941555708 
85.0000066997944 85.0 0.0 61.88819487820121 27.926409844482286 0.24895086351691706 0.14400868700447933 0.25029822778018956 0.14254347150790928 
86.00000669979443 86.0 0.0 62.6346033728922 28.290007544329704 0.24861521649596657 0.14382395438854392 0.24969251258316938 0.14258116949321029 
87.00000669979445 87.0 0.0 63.40537164272381 28.661689519765307 0.24821355326931202 0.1435882503047082 0.2495220980383333 0.1421228248482381 
88.00000669979448 88.0 0.0 64.18301061836361 29.000682943346497 0.2477855182917805 0.14330919343220322 0.24892274751778118 0.14189591994888892 
89.00000669979451 89.0 0.0 64.99437851342958 29.326256893424564 0.2473587008213739 0.14302742172025693 0.2484880167016367 0.14156459637591617 
90.00000669979454 90.0 0.0 65.79762648344843 29.635266480376128 0.24694011487952805 0.142770757501238 0.24776425068196747 0.14132080866179286 
91.00000669979457 91.0 0.0 66.59337913803888 29.973741527156687 0.24651896188011058 0.14252907785278504 0.24760325873370276 0.14087849603786826 
92.0000066997946 92.0 0.0 67.37476577139282 30.31980726910596 0.24592711062925485 0.14255264395781397 0.24683131114681503 0.14110338817243964 
93.00000669979462 93.0 0.0 68.11992504684606 30.712385270349582 0.2454022421618342 0.14244822229403994 0.24623696196762407 0.14097647982981115 
94.00000669979465 94.0 0.0 68.82823235477765 31.129244328058498 0.24479244852466223 0.14238005890885325 0.24536002862820033 0.14120929770600682 
95.00000669979468 95.0 0.0 69.54715802623343 31.556919700449747 0.244145595761675 0.14234235457275357 0.24507289547317698 0.1411337705392909 
96.00000669979471 96.0 0.0 70.26108682073675 31.94877604960915 0.2436223202487749 0.14224250810549907 0.24489346736435574 0.1409926829437365 
97.00000669979474 97.0 0.0 71.01436602123644 32.333193756392944 0.24313551812781461 0.14203941276133905 0.24438070635497314 0.1407483125252906 
98.00000669979477 98.0 0.0 71.77264209868842 32.69739326119826 0.24259534689622358 0.14183993295757513 0.24387782795843083 0.1402181109978004 
99.0000066997948 99.0 0.0 72.55840099937531 33.05588818110323 0.24217728675085481 0.1415780553586058 0.2435601381152537 0.13980309269106134 
100.00000669979482 100.0 0.0 73.3485321673956 33.383580536045336 0.24173086217537 0.1412852671282385 0.24319399641729575 0.1394385759172183 
101.00000669979485 101.0 0.0 74.16739537788925 33.70911540331764 0.24139509416399604 0.14097558021617979 0.24275714264172554 0.13941018067419728 
102.00000669979488 102.0 0.0 74.978138663335 34.03913404866933 0.24112047338578899 0.14066332715567528 0.2425745338881302 0.1391673066711205 
103.00000669979491 103.0 0.0 75.77201748906873 34.39029465546424 0.24084507993250578 0.14035444299110647 0.24233893336288234 0.13898523839931598 
104.00000669979494 104.0 0.0 76.54840724547192 34.73570298013336 0.24056287558379622 0.14007513689952955 0.24191357524437498 0.13909373366704159 
105.00000669979497 105.0 0.0 77.29668956901973 35.13253542351001 0.24031810011757973 0.1399012128860637 0.2414006624637969 0.13926065121927247 
106.000006699795 106.0 0.0 78.00374765771434 35.534841859030145 0.24008126323925255 0.1398388923830756 0.24078612676047118 0.13946727118558627 
107.00000669979502 107.0 0.0 78.72392254840659 35.95504114312738 0.2398546926094944 0.13987983462053008 0.24047671195424195 0.13959610041384862 
108.00000669979505 108.0 0.0 79.44659587757668 36.3507710023764 0.2394873105589567 0.14001270501825733 0.2405329141500392 0.13899498043775474 
109.00000669979508 109.0 0.0 80.19800124921888 36.74176977232432 0.23898529964017917 0.1402062002214108 0.23996874273919436 0.13862133236954374 
110.00000669979511 110.0 0.0 80.96627108057424 37.09703642676817 0.23840276474694255 0.14037107338485952 0.23918020985020347 0.13870277913433918 
111.00000669979514 111.0 0.0 81.74890693316654 37.45920331329755 0.2377635922098684 0.1404549493514406 0.2389659672990028 0.13840890048916363 
112.00000669979516 112.0 0.0 82.55153029356595 37.79672603836529 0.23709760741500274 0.1404712904423014 0.2382890638274124 0.13866821402198584 
113.0000066997952 113.0 0.0 83.38226108682133 38.11502374568704 0.2362797638666977 0.14041986304281423 0.23746472075281053 0.1388791996367812 
114.00000669979522 114.0 0.0 84.1767645221738 38.447049428729095 0.2354955880863065 0.14027772212493542 0.2370785434036671 0.13887118891490946 
115.00000669979525 115.0 0.0 84.98063710181064 38.78516468759472 0.23458453258713444 0.1401797864860376 0.23646100937780448 0.1391759621671263 
116.00000669979528 116.0 0.0 85.74078700812034 39.12922043218119 0.2338221518062423 0.1396922399152125 0.23579793921945036 0.1393211254108984 
117.0000066997953 117.0 0.0 86.48594628357239 39.522540513226126 0.23314433125788422 0.13912381227235682 0.2351071284110707 0.1392061653789103 
118.00000669979534 118.0 0.0 87.21049344159944 39.91728998590532 0.2324174970051557 0.1383954745260748 0.2343334589732143 0.13869454685779417 
119.00000669979536 119.0 0.0 87.94565896314792 40.32597079062231 0.23163597448230575 0.13772954423478379 0.23398088605054743 0.13810966857112147 
120.00000669979539 120.0 0.0 88.68019987507819 40.713728200203285 0.23096545536160726 0.13730520394549894 0.23369331951524228 0.13746626647559831 
121.00000669979542 121.0 0.0 89.43535290443475 41.10752333078493 0.23037327262712212 0.13699485549683144 0.23320048583900613 0.1369757013130527 
122.00000669979545 122.0 0.0 90.20737039350331 41.484493737339285 0.22978150171556583 0.13665885687230514 0.23255574617593586 0.13707344877749694 
123.00000669979548 123.0 0.0 91.00562148657004 41.84076174472878 0.22928867024571314 0.13637560019031802 0.23217954136175045 0.13696958210689275 
124.0000066997955 124.0 0.0 91.81636477201747 42.15959270470801 0.2288801927872642 0.1361603822107764 0.23160767754944633 0.13716171717892403 
125.00000669979553 125.0 0.0 92.64084946908231 42.48972293717567 0.22854006905949675 0.13600210505635799 0.23118532749865225 0.13741548037157397 
126.00000669979556 126.0 0.0 93.44097439100479 42.80304218218552 0.2281154467176978 0.13601511456712362 0.23074579275575482 0.1374381856822099 
127.00000669979559 127.0 0.0 94.2442223610246 43.13949400677437 0.22776472499817052 0.1359792559294573 0.23026880922854492 0.1377110542813382 
128.00000669979562 128.0 0.0 95.0074953154276 43.49429495675409 0.22748864451130732 0.1358750069161128 0.22972959940321697 0.13716425377158156 
129.00000669979565 129.0 0.0 95.76577139287987 43.87725182449543 0.22722593036032684 0.13577260698324725 0.2292925134440832 0.13692479275580458 
130.00000669979568 130.0 0.0 96.50031230481014 44.26578990769706 0.22696818295577972 0.13568092974753918 0.2288337713805124 0.13664838292583875 
131.0000066997957 131.0 0.0 97.2354778263586 44.67682722102329 0.22669595003172655 0.13558830907732813 0.22893466760281828 0.13639817153984227 
132.00000669979573 132.0 0.0 97.99812617114257 45.064127878907776 0.22640486657053294 0.13547428097780115 0.2289432078559449 0.13597232522474884 
133.00000669979576 133.0 0.0 98.77326670830763 45.450183551713366 0.22608865539325707 0.1353910251934272 0.228640650631258 0.13583302891880963 
134.0000066997958 134.0 0.0 99.54778263585298 45.81797269241321 0.22577554070340436 0.13532210125430544 0.22853206130753873 0.13570470184215014 
135.00000669979582 135.0 0.0 100.35915053091794 46.16316502665251 0.2254619360349731 0.13525655800499742 0.2283573156584717 0.13610858240369444 
136.00000669979585 136.0 0.0 101.17301686445967 46.463971757216 0.22516173370479423 0.13515476714382185 0.2281863339457573 0.13604725216875735 
137.00000669979588 137.0 0.0 102.00249843847608 46.77825342778319 0.22490615055340857 0.1349983537885997 0.22791097558666884 0.13616855569101458 
138.0000066997959 138.0 0.0 102.80699562773303 47.0929357869161 0.22468207668518783 0.13484019668586858 0.22753058072586196 0.13573859663136723 
139.00000669979593 139.0 0.0 103.60649594003657 47.43176739039356 0.22447723022757857 0.13470079296379575 0.22746444995696374 0.1355493541188197 
140.00000669979596 140.0 0.0 104.374765771393 47.78334660565069 0.2243385413801903 0.13451041578925332 0.2268637570441248 0.13529744337650942 
141.000006699796 141.0 0.0 105.11805121798909 48.18383214523164 0.22422002150613554 0.1343159915076216 0.22661788453930617 0.1351881777582875 
142.00000669979602 142.0 0.0 105.85009369144319 48.60223774738896 0.22402067341482007 0.13424618091806112 0.22648254213744567 0.13503074004980162 
143.00000669979605 143.0 0.0 106.59337913803928 49.01663167881614 0.2239200165122557 0.13403953125029958 0.2265952629195417 0.13477613293732454 
144.00000669979607 144.0 0.0 107.3416614615871 49.40201230200864 0.22387374660201922 0.13376170927402345 0.22695163425076295 0.13407512445676795 
145.0000066997961 145.0 0.0 108.11867582760712 49.785737488215176 0.22377312784752482 0.13348348160487447 0.22674388991721503 0.13413769063224779 
146.00000669979613 146.0 0.0 108.89256714553404 50.13540117489973 0.22371823498581894 0.1331437616783803 0.2268412982443719 0.13384308027895572 
147.00000669979616 147.0 0.0 109.69269206745685 50.48423519090628 0.2237057392575787 0.13278005284694172 0.2267669368443656 0.13386583925233997 
148.0000066997962 148.0 0.0 110.51342910680742 50.78390469229761 0.2237261352141378 0.13240415691473117 0.22626940119108746 0.1335581738139159 
149.00000669979622 149.0 0.0 111.33728919425324 51.10689694059843 0.22371731015670324 0.13208386582262038 0.22590838887498876 0.13339231025589873 
150.00000669979624 150.0 0.0 112.14990630855681 51.42007160685122 0.22363202562562576 0.13186529936520114 0.22566494188458835 0.1328236425651694 
151.00000669979627 151.0 0.0 112.95690193628984 51.75524143887261 0.22357213457467584 0.13165508979551102 0.22527276356918619 0.13279528772432012 
152.0000066997963 152.0 0.0 113.74890693316712 52.11038200653452 0.2235540764502161 0.13138883860342973 0.22452514399813045 0.13255301463876332 
153.00000669979633 153.0 0.0 114.50281074328505 52.51339256175341 0.22357418609417626 0.13112428797950806 0.22376518398827666 0.13241240614287617 
154.00000669979636 154.0 0.0 115.23672704559655 52.922013853226495 0.22358758608608337 0.13093425836350056 0.22338555904372878 0.1320387528230672 
155.0000066997964 155.0 0.0 115.9868831980015 53.33667080763453 0.2235830894243618 0.1308679578207212 0.2231817261538261 0.13167054397349529 
156.00000669979642 156.0 0.0 116.73516552154932 53.713311374958394 0.22347986203735706 0.1309009982555824 0.22326330989972315 0.13093621352572926 
157.00000669979644 157.0 0.0 117.51030605871314 54.095228994512816 0.22337092579368836 0.13099253792702165 0.2226886434130377 0.13074237868615335 
158.00000669979647 158.0 0.0 118.2904434728301 54.448564855886644 0.22330083136136322 0.13112916629356872 0.22255781615394005 0.13020753445023364 
159.0000066997965 159.0 0.0 119.10118675827587 54.78449602616335 0.22326079587662764 0.13128907880617774 0.22242852910356528 0.13040177186841906 
160.00000669979653 160.0 0.0 119.92754528419722 55.07729565831198 0.22320168042048616 0.13146223458670475 0.22190593742178533 0.13060518895411904 
161.00000669979656 161.0 0.0 120.75015615240527 55.38851450470662 0.22315875037079438 0.1316548213677509 0.22189538926393385 0.13080359266533192 
162.0000066997966 162.0 0.0 121.57589006870717 55.69409208657515 0.2231436637822486 0.13184495507278327 0.22185491643984417 0.1310610624683905 
163.00000669979661 163.0 0.0 122.38413491567687 56.01655311728684 0.22299274376415895 0.13228395894664255 0.221742018098788 0.13162226012644287 
164.00000669979664 164.0 0.0 123.15053091817637 56.36856793710873 0.22283437104419648 0.1327312070063603 0.22162241972836397 0.13214533219787183 
165.00000669979667 165.0 0.0 123.90693316677091 56.77454938747765 0.22284605345284036 0.13291018993455897 0.22120911437876306 0.13297803913600204 
166.0000066997967 166.0 0.0 124.63897564022443 57.16613577941094 0.22279631552065118 0.13312683984936344 0.2213873827183472 0.1331540339219125 
167.00000669979673 167.0 0.0 125.39475327920022 57.56025384286224 0.22269966452791587 0.1333731583153102 0.2218484332034976 0.13295433753515531 
168.00000669979676 168.0 0.0 126.15053091817643 57.93902356167595 0.22259782672676492 0.13358058982626816 0.22148214701846836 0.1329015950107781 
169.00000669979678 169.0 0.0 126.93191755152928 58.31487577696781 0.22251407975479223 0.13369266706199434 0.22152171681082755 0.13281270323965183 
170.0000066997968 170.0 0.0 127.71830106183593 58.66046344099058 0.22243643197634216 0.1337296495233533 0.22145897993447897 0.132598805099366 
171.00000669979684 171.0 0.0 128.53529044347374 58.99181222895439 0.2222887740776412 0.1337569308570921 0.22147845979230474 0.13269621372227286 
172.00000669979687 172.0 0.0 129.386008744534 59.29467433186922 0.2221841604130603 0.1336560946443714 0.2211994933329254 0.13275438360993655 
173.0000066997969 173.0 0.0 130.23110555902588 59.607772621022654 0.22203124943665084 0.13355601941279843 0.22157313571067402 0.13271693080186292 
174.00000669979693 174.0 0.0 131.04934415989962 59.92495881210187 0.22190511644007674 0.1334362117229186 0.2215665677421849 0.13273812333578078 
175.00000669979696 175.0 0.0 131.86258588382293 60.269176247556715 0.22187698694941138 0.1332237474454153 0.22155204402789694 0.13278772003338646 
176.00000669979698 176.0 0.0 132.613991255466 60.641690726120366 0.22190334943287324 0.13293581035361124 0.22142458859828795 0.13236801935088657 
177.000006699797 177.0 0.0 133.3728919425361 61.038217451806176 0.221961277716783 0.1325980530256739 0.22115267164939031 0.1321256375431015 
178.00000669979704 178.0 0.0 134.12054965646425 61.42914482310172 0.2220395811703793 0.13223943655371537 0.2210773048719946 0.13149704291824724 
179.00000669979707 179.0 0.0 134.8825733916296 61.826005469976224 0.222151528773469 0.131844488524198 0.22164741415230013 0.13055787917623998 
180.0000066997971 180.0 0.0 135.64397251717554 62.20279869273774 0.22224923281164574 0.13148879302389882 0.2216943499377676 0.1296325109114844 
181.00000669979713 181.0 0.0 136.42910680824414 62.5834752731438 0.22227712105153866 0.1312129930937126 0.221435734693006 0.1296343699084262 
182.00000669979715 182.0 0.0 137.23735165521492 62.93138032001161 0.22225912857463964 0.13102031238700285 0.2216810373675361 0.1293300897810053 
183.00000669979718 183.0 0.0 138.0724547158028 63.24453333714364 0.2222460250482143 0.13086008908527139 0.22189410694786113 0.1296080148550737 
184.0000066997972 184.0 0.0 138.90880699562837 63.53589873951843 0.22227467142943003 0.13064587285361082 0.22186045257343054 0.12962566995285524 
185.00000669979724 185.0 0.0 139.75265459087964 63.834835959774516 0.22234839133535356 0.1303732564900333 0.2221773061929213 0.1294846040531345 
186.00000669979727 186.0 0.0 140.56527170518368 64.12516778295227 0.22251570929379852 0.1300160049021429 0.22210319104308543 0.12928001484965568 
187.0000066997973 187.0 0.0 141.35665209244164 64.46439594679008 0.22270002089295338 0.1296588202842575 0.22223549023663458 0.12883312134114092 
188.00000669979732 188.0 0.0 142.11617738913245 64.82511276024542 0.22286192991506126 0.12933884701579798 0.22197335176499167 0.12847895093415926 
189.00000669979735 189.0 0.0 142.8669581511548 65.22732681785955 0.22282637445294784 0.12930042209735068 0.22176317476268967 0.12830877729231563 
190.00000669979738 190.0 0.0 143.60337289194226 65.62959099077534 0.2228801773375471 0.12909629435534709 0.22225671068899946 0.12743464391387893 
191.0000066997974 191.0 0.0 144.35165521549007 66.02930702590307 0.2228655447422684 0.12889813677450715 0.22253080275868817 0.1268202541469304 
192.00000669979744 192.0 0.0 145.1242973141792 66.41555853504178 0.22271177311150014 0.12875598379129577 0.2223530270351078 0.12667677222963702 
193.00000669979747 193.0 0.0 145.91567770143715 66.78466148979153 0.22236017851052708 0.12874049807902233 0.22224277307189613 0.1269431528106458 
194.0000066997975 194.0 0.0 146.72017489069285 67.114159452156 0.22180270629611665 0.12882102311792235 0.22211970858819807 0.12708037965357905 
195.00000669979752 195.0 0.0 147.56527170518365 67.42375985653544 0.22106055486450277 0.1290061722335064 0.22140802639208984 0.12753371811696845 
196.00000669979755 196.0 0.0 148.39475327920022 67.70695364919821 0.22024824770154094 0.12912669360198997 0.22073800009399114 0.12761172876247978 
197.00000669979758 197.0 0.0 149.24047470331172 67.9982463801422 0.21933259055892 0.12918656327530087 0.2198341049987425 0.12760413613439425 
198.0000066997976 198.0 0.0 150.05559025609116 68.30194933376433 0.21808193318782532 0.12915987044905242 0.2186339011449283 0.12798860328671363 
199.00000669979764 199.0 0.0 150.86008744534598 68.64818214812625 0.21713389214171908 0.12881851894379723 0.21752192961832215 0.1278072387948589 
200.00000669979767 200.0 0.0 151.62523422860622 69.02169559519524 0.21592151861455644 0.1282004470940423 0.21636643048957876 0.12758583170656893 
201.0000066997977 201.0 0.0 152.373516552154 69.43927489676467 0.21454069650306226 0.127101509794819 0.21510315182420395 0.1272502672082149 
202.00000669979772 202.0 0.0 153.1292941911305 69.84823832827897 0.21316270646983596 0.1259172941544357 0.2140661725067965 0.12681616575860108 
203.00000669979775 203.0 0.0 153.89631480324738 70.24978998303722 0.21169154078045696 0.12410735405868445 0.21311948551334878 0.12562501083575417 
204.00000669979778 204.0 0.0 154.66895690193627 70.6326789947385 0.21044393097184133 0.12265082597790324 0.21148452644353571 0.12433273163027649 
205.0000066997978 205.0 0.0 155.47532792004932 70.99874679991241 0.20948090308952852 0.12184985193547863 0.2107990979115301 0.1229650760749313 
206.00000669979784 206.0 0.0 156.28357276702198 71.32231969185631 0.20889862304040105 0.12147960901798852 0.2100968927101153 0.12231316254083262 
207.00000669979786 207.0 0.0 157.13366645846207 71.62453924536737 0.2085181461976472 0.12130692690925504 0.20960607981485768 0.12223548896613413 
208.0000066997979 208.0 0.0 157.97064334790736 71.92074466138617 0.20836979245900353 0.1213751338368707 0.20930222448083913 0.1222529961030358 
209.00000669979792 209.0 0.0 158.81136789506456 72.23188801139173 0.20826709870318652 0.12151180937963414 0.20911891614437514 0.12211613120666977 
210.00000669979795 210.0 0.0 159.63148032479734 72.54255894555831 0.20820374158935345 0.12177166346362654 0.2089370595280783 0.12240988274212565 
211.00000669979798 211.0 0.0 160.43660212367388 72.89609821140789 0.2081546919593006 0.12210628449599834 0.20876228434365798 0.1226019833554464 
212.000006699798 212.0 0.0 161.2123672704568 73.28698637517458 0.208112588456756 0.12247398523396867 0.20851143682581816 0.12312732347461926 
213.00000669979804 213.0 0.0 161.97314178638467 73.69935483561218 0.20807996905345935 0.12284810416957466 0.20874255148052 0.12378032265056159 
214.00000669979806 214.0 0.0 162.71892567145517 74.10357412328428 0.20806032792273865 0.1232568975330681 0.20884872698973092 0.12440727339268953 
215.0000066997981 215.0 0.0 163.49344159900159 74.49442169189886 0.208012563984153 0.123784212326092 0.20953267642385365 0.12449906126712972 
216.00000669979812 216.0 0.0 164.25983760149845 74.8510934604405 0.20798917484558072 0.12432981523211248 0.20936824362876383 0.1250198581227299 
217.00000669979815 217.0 0.0 165.05559025609122 75.20607543803888 0.20806751532338968 0.12480397020622841 0.2097131338666343 0.1252508151124006 
218.00000669979818 218.0 0.0 165.87257963772703 75.51403845579836 0.20830119380123635 0.12518060097342082 0.20960269638672496 0.12603789409782112 
219.0000066997982 219.0 0.0 166.72767020612147 75.7957587212583 0.20857742702964452 0.12555692013786207 0.20998762622805253 0.12629016667635276 
220.00000669979823 220.0 0.0 167.5696439725182 76.06501530227715 0.2089058029965068 0.1258408259251601 0.21021246466640722 0.1266167140287422 
221.00000669979826 221.0 0.0 168.4084946908178 76.35714948709848 0.20923260247348027 0.12623502116118146 0.21072028811420293 0.1267772060048863 
222.0000066997983 222.0 0.0 169.24484697064344 76.65733012890666 0.2094396217236513 0.12671302483379634 0.21068922353534142 0.1273710181714291 
223.00000669979832 223.0 0.0 170.05059337913897 77.01404458740116 0.20952839080991834 0.12724048735975532 0.21093136389158482 0.128048198815053 
224.00000669979835 224.0 0.0 170.81199250468427 77.39920223161197 0.2094664630274657 0.12780190830563865 0.21060678909837557 0.12860015834950758 
225.00000669979838 225.0 0.0 171.57339163022976 77.80231209001526 0.20929644358351074 0.12818963750481074 0.2108576881537885 0.12882711018357199 
226.0000066997984 226.0 0.0 172.3173016864462 78.18542387628634 0.20917506817872714 0.12806528213010324 0.21108963987967605 0.12869587943324584 
227.00000669979843 227.0 0.0 173.09369144284918 78.56335797575893 0.20880626249319617 0.12784656495154512 0.2105424802410322 0.128296656101124 
228.00000669979846 228.0 0.0 173.87008119924943 78.92549879827091 0.20808302331150663 0.12721425797468153 0.20989780460126448 0.12802284173348744 
229.0000066997985 229.0 0.0 174.67332916926767 79.279979152824 0.20748731349905564 0.12627462642867507 0.20910188900784446 0.12723325968239893 
230.00000669979852 230.0 0.0 175.48657089319283 79.60175862251018 0.206717451252965 0.12472203983320901 0.208491420815998 0.12571414036535483 
231.00000669979855 231.0 0.0 176.3385384134926 79.90126137998321 0.20602795248518055 0.12381133075547013 0.2070156114645015 0.12425501803639233 
232.00000669979858 232.0 0.0 177.18738288569563 80.20638139019184 0.20555779264260987 0.12342878063086835 0.20604956558189647 0.12339725289995293 
233.0000066997986 233.0 0.0 178.02498438476127 80.52798814940326 0.20521657927265788 0.12330316405630452 0.2055410986443177 0.12341530725149681 
234.00000669979863 234.0 0.0 178.8488444722058 80.8461556768561 0.20493251359016676 0.12322541062945343 0.20507304829273462 0.1236896047402234 
235.00000669979866 235.0 0.0 179.6552154903187 81.21288259472266 0.2049007842642919 0.12337564286149927 0.20499864688562552 0.1239174837943044 
236.0000066997987 236.0 0.0 180.40662086196048 81.6015176399127 0.204810798393093 0.12352080481161959 0.2044121745732392 0.1241990004798635 
237.00000669979872 237.0 0.0 181.17239225484064 82.0048871247079 0.20471933074873733 0.12377014553039209 0.20414656479966098 0.12440584546749013 
238.00000669979875 238.0 0.0 181.93129294191203 82.39040615502374 0.2045872680249364 0.12397525881775971 0.20437891298103228 0.12413814486459784 
239.00000669979877 239.0 0.0 182.7076826983151 82.76917902932996 0.2044389624241972 0.12413332700895756 0.20422312168604756 0.1238693064469316 
240.0000066997988 240.0 0.0 183.48157401624076 83.11459598963863 0.20431180253788572 0.12423276144247 0.20392562322861799 0.12394140714033654 
241.00000669979883 241.0 0.0 184.27607745159355 83.44358114081643 0.20422253289906744 0.12420309450787637 0.20425545517646213 0.12359589050426109 
242.00000669979886 242.0 0.0 185.09369144284926 83.72739227055385 0.20419809363863686 0.12408723042831978 0.20405156497240753 0.1236947339100066 
243.0000066997989 243.0 0.0 185.93504059962618 83.99622478206277 0.20417385965481288 0.12380684673444216 0.2038984380560487 0.12386214009954478 
244.00000669979892 244.0 0.0 186.7476577139276 84.27691726429484 0.20401305083935228 0.12349178201400339 0.20408390940537932 0.12368099891888848 
245.00000669979894 245.0 0.0 187.56089943785227 84.57963818313763 0.20394548949257374 0.123119526719974 0.20408344342198664 0.1237497073559452 
246.00000669979897 246.0 0.0 188.34291068082376 84.90436804883834 0.2039431931030103 0.12256891087492734 0.20400718432002027 0.12346432551810528 
247.000006699799 247.0 0.0 189.11430356027566 85.27268056963091 0.20406848326922608 0.12183446475106363 0.20365557461536166 0.12323483653130195 
248.00000669979903 248.0 0.0 189.8719550281068 85.65650424362416 0.2042892969552635 0.12094896570774555 0.20338703947969156 0.12229800586298317 
249.00000669979906 249.0 0.0 190.6389756402236 86.0603833360622 0.20461006855037842 0.12006290713651502 0.2037475995753233 0.12085825398497278 
250.0000066997991 250.0 0.0 191.40037476577254 86.44753596754215 0.20468156236411608 0.11888303685806996 0.20433234979969436 0.11919606669301065 
#####################################################################
# End of data export. Simulation finished at: 2020-02-27T10:14+0000 #
#####################################################################
