#####################################################################
# Alchemist log file - simulation started at: 2020-02-28T06:33+0000 #
#####################################################################
# seed = 56.0, reactivity = 1.2, speed = 5
#
# The columns have the following meaning: 
# time classicrc[Mean] classicrc[StandardDeviation] reactiverc[Mean] reactiverc[StandardDeviation] errorclassic[Mean] errorclassic[StandardDeviation] errorreactive[Mean] errorreactive[StandardDeviation] 
0.0 NaN NaN NaN NaN NaN NaN NaN NaN 
1.0000061414769124 1.0 0.0 1.0 0.0 NaN NaN NaN NaN 
2.0000061414769115 2.0 0.0 1.4078700811992504 0.4915923342674859 NaN NaN NaN NaN 
3.0000061414769132 3.0 0.0 1.9094316052467213 0.3871914761787594 NaN NaN NaN NaN 
4.000006141476915 4.0 0.0 2.0630855715178003 0.6137122479614947 NaN NaN NaN NaN 
5.000006141476911 5.0 0.0 2.387257963772644 0.9453504847611224 NaN NaN NaN NaN 
6.0000061414769075 6.0 0.0 2.9269206745783913 1.3319275784848577 NaN NaN NaN NaN 
7.000006141476904 7.0 0.0 3.6158650843223 1.655059860484319 NaN NaN NaN NaN 
8.0000061414769 8.0 0.0 4.425359150530918 1.9165937262642012 NaN NaN NaN NaN 
9.000006141476907 9.0 0.0 5.33791380387258 2.058547520720761 NaN NaN NaN NaN 
10.000006141476915 10.0 0.0 6.275452841973771 2.079592101935132 NaN NaN NaN NaN 
11.000006141476922 11.0 0.0 7.214241099312936 2.1449818331013413 0.5120160217748897 0.4649309177589106 0.4758102948881426 0.399697708389744 
12.000006141476929 12.0 0.0 8.114303560274823 2.2822798974476313 0.4592626128479281 0.3852260580013497 0.4327578434254395 0.34077698944619783 
13.000006141476936 13.0 0.0 8.971267957526575 2.5020839222094233 0.42790715603480756 0.33965399475893987 0.41307522005686204 0.31803437705555854 
14.000006141476943 14.0 0.0 9.81761399125545 2.7684317859402157 0.41013237705687033 0.318125951324521 0.4015864235684597 0.30755561838547024 
15.00000614147695 15.0 0.0 10.66770768269829 3.024196224535903 0.3999905424963483 0.30963677774014386 0.39494993374213544 0.30232780629830686 
16.000006141476955 16.0 0.0 11.525296689568966 3.327651713678184 0.39461829474940396 0.3059270265423448 0.39051671886487954 0.2993063808486425 
17.00000614147694 17.0 0.0 12.40162398500939 3.605963444216316 0.39140684932859493 0.30340798566814176 0.38713988809212413 0.2974025267871362 
18.000006141476927 18.0 0.0 13.249843847595237 3.882819727736696 0.3898535073934202 0.30185166373089445 0.38402415300828535 0.2957070010510649 
19.000006141476913 19.0 0.0 14.074953154278539 4.188601021036622 0.38928357933253266 0.30107941409098365 0.38113921862232947 0.29252312859924423 
20.0000061414769 20.0 0.0 14.892567145534052 4.494546803421323 0.38886099957936027 0.30086337759300424 0.3781667356235434 0.2886848606837116 
21.000006141476884 21.0 0.0 15.68956901936296 4.8713907025242635 0.38845197492789646 0.3007833306433737 0.37474458285692464 0.28469419070969526 
22.00000614147687 22.0 0.0 16.4559650218614 5.288971162596337 0.3877280319855662 0.30068037498674655 0.3714587051267724 0.28073303505271024 
23.000006141476856 23.0 0.0 17.202373516552164 5.728024909416677 0.38655314279835584 0.3005745444671103 0.3685808865464524 0.2773907447935376 
24.00000614147684 24.0 0.0 17.960649594003737 6.171533486724672 0.3849273675937383 0.30021002625261567 0.36581633358019505 0.2752963505585732 
25.000006141476828 25.0 0.0 18.737039350405944 6.593192207047731 0.3827334455773669 0.29971027649138643 0.3636379768894974 0.2733336205404573 
26.000006141476813 26.0 0.0 19.541536539662733 7.0144265544355076 0.38020877707357076 0.29932484897747275 0.36130894703175165 0.27293787224233723 
27.0000061414768 27.0 0.0 20.36289818863203 7.413760691798275 0.3771715618224753 0.29869945179648927 0.35846632136424944 0.2725488465404322 
28.000006141476785 28.0 0.0 21.2098688319799 7.777832445179341 0.3738737305476895 0.2972903596531568 0.3557042276112583 0.2723059086005288 
29.00000614147677 29.0 0.0 22.0787008119926 8.117268771640855 0.37077596122627504 0.29553499534728356 0.35344716560908646 0.2710260925131454 
30.000006141476756 30.0 0.0 22.950655840099973 8.432567143646411 0.36752422653174116 0.29292245980525433 0.35103076480406786 0.2703327202847092 
31.000006141476742 31.0 0.0 23.81636477201744 8.773825108061887 0.3647319994640765 0.2900289107892149 0.34874992977859304 0.26912126608533593 
32.00000614147673 32.0 0.0 24.656464709556523 9.132122411789542 0.3616544786837638 0.28609170088313207 0.3459692357178222 0.26805527884884606 
33.00000614147676 33.0 0.0 25.460337289194225 9.529681638762328 0.3589606876017524 0.2821125408315653 0.342937418219517 0.2668103606808303 
34.00000614147679 34.0 0.0 26.241723922548264 9.954190475685813 0.3563747659645312 0.27885700477848496 0.3395167640662904 0.2657617977283574 
35.00000614147682 35.0 0.0 27.0212367270454 10.3909599517826 0.3549893570349576 0.2770450655392965 0.3363087715319173 0.2644012013231966 
36.000006141476845 36.0 0.0 27.805121798875543 10.840871678549645 0.35452177037892674 0.2761788151072953 0.3341921801218383 0.2635341676149925 
37.000006141476874 37.0 0.0 28.59587757651466 11.256374105146035 0.3544469814401815 0.2753768244070754 0.3310677967911562 0.25924591053727924 
38.0000061414769 38.0 0.0 29.412242348532132 11.650427032140552 0.3541421765891304 0.2746217783366962 0.32803071581604654 0.25484483058969 
39.00000614147693 39.0 0.0 30.24859462835739 12.030613537396874 0.3534415108964402 0.273865410824043 0.3268785384665988 0.24952905966682215 
40.00000614147696 40.0 0.0 31.11930043722652 12.343677876156123 0.3526565815863855 0.2737149909488515 0.32654835791028974 0.2456737754154393 
41.00000614147699 41.0 0.0 32.00811992504671 12.653134355787403 0.3519352077430942 0.2739234043010477 0.32560467998882714 0.2430494466848842 
42.000006141477016 42.0 0.0 32.88757026858229 12.9771858141592 0.35058235246429226 0.273956517714318 0.3243453251991669 0.24176720650129305 
43.000006141477044 43.0 0.0 33.748906933166914 13.319606333032453 0.3489907418278524 0.273869657982345 0.3218156865473146 0.24001738291882554 
44.00000614147707 44.0 0.0 34.587133041848986 13.69365945749757 0.3473411572781918 0.2729879457457301 0.31971943089512334 0.23897921811014788 
45.0000061414771 45.0 0.0 35.38975640224886 14.084317342460137 0.3452872678187174 0.27094996374456903 0.3166636623270764 0.23779686915916998 
46.00000614147713 46.0 0.0 36.1748906933167 14.515574192179601 0.3427797723065295 0.26785028725703397 0.3135677588006884 0.2363765923934471 
47.00000614147716 47.0 0.0 36.961898813241596 14.949387023963727 0.3397998669911339 0.26367700921407355 0.31130561894693193 0.23440409806330123 
48.000006141477186 48.0 0.0 37.75078076202354 15.375092713623852 0.3355010072873082 0.25808905774744884 0.309172294544793 0.2315350049591933 
49.000006141477215 49.0 0.0 38.56402248594602 15.782856357753978 0.33148457814363363 0.252752526674829 0.30734470648732953 0.23052336124140513 
50.00000614147724 50.0 0.0 39.41099312929387 16.147127579714557 0.32851248535005245 0.24985516873493036 0.3063840016596106 0.2303526831033633 
51.00000614147727 51.0 0.0 40.27795128044955 16.52175292758386 0.32833670500176715 0.24884340098726807 0.3069405188304356 0.23104632940106487 
52.0000061414773 52.0 0.0 41.17239225484064 16.83048609921966 0.32966641976916344 0.24930017875508692 0.3076782823668866 0.23118836742419815 
53.00000614147733 53.0 0.0 42.04309806371016 17.1278652025289 0.3308962914868291 0.2500818154471634 0.3072815671489861 0.23053842636353383 
54.00000614147736 54.0 0.0 42.89256714553373 17.45450374453957 0.33177548674619856 0.25082674411580735 0.3070708602363279 0.22868420410955567 
55.000006141477385 55.0 0.0 43.73516552154878 17.807016001093764 0.33200293209574455 0.2500951291143875 0.3079224875159551 0.22772945949168244 
56.000006141477414 56.0 0.0 44.58151155527811 18.196902427714807 0.3321756262961077 0.24977369689027293 0.3088745048026629 0.2272339081343122 
57.00000614147744 57.0 0.0 45.40099937539056 18.615426371711873 0.33247081096756315 0.250075237531262 0.3093463673036723 0.2267247590942303 
58.00000614147747 58.0 0.0 46.20799500312271 19.0453363330757 0.3328541401603684 0.2512166042142258 0.3102825730948204 0.22628672491835172 
59.0000061414775 59.0 0.0 47.01499063085543 19.48068980145555 0.33279136759270694 0.2516176054674117 0.3089158744541122 0.2252159759768053 
60.00000614147753 60.0 0.0 47.833229231730314 19.89045738860839 0.33209339657106257 0.2513113137347308 0.30789363835307215 0.2236621201886343 
61.000006141477556 61.0 0.0 48.68582136164913 20.2834749264165 0.3308590300182332 0.2499175004138256 0.30544950058979475 0.2214593230383777 
62.000006141477584 62.0 0.0 49.54216114928146 20.644512045008828 0.3298246710289316 0.24852048916577335 0.30264654075604236 0.21885048433432158 
63.00000614147761 63.0 0.0 50.409119300437425 20.972676075941827 0.3293322063472312 0.2473681714849074 0.30080353821263117 0.21680371739921528 
64.00000614147764 64.0 0.0 51.2916926920673 21.26844463508086 0.3285144012996731 0.2463376563210612 0.2992093750781925 0.2149733112745476 
65.00000614147758 65.0 0.0 52.176764522173784 21.577983218436714 0.32763606379210036 0.24501804441018926 0.2978259015803836 0.21263610500151287 
66.00000614147753 66.0 0.0 53.06058713304148 21.91105775413541 0.32599597316531664 0.2437354591760027 0.29604990930737624 0.20991266363421346 
67.00000614147747 67.0 0.0 53.924422236102195 22.2627751960889 0.32439945322113556 0.24212096926069715 0.29356339089771677 0.20762922969348577 
68.00000614147741 68.0 0.0 54.75265459088091 22.646137242612525 0.32285937776001683 0.2410586081586547 0.29196632238368464 0.20553276776038867 
69.00000614147736 69.0 0.0 55.580262336040256 23.057373228126725 0.3221604362758997 0.24055929454714325 0.29058062588643485 0.2051114334636218 
70.0000061414773 70.0 0.0 56.3966271080577 23.478782200456855 0.3214725400735938 0.2393210728604767 0.2897844443443632 0.20443651401628402 
71.00000614147724 71.0 0.0 57.21673953778888 23.914611006929135 0.319249771753482 0.23685898965060198 0.289915608885803 0.20347122776193904 
72.00000614147719 72.0 0.0 58.051217988757045 24.311260252773327 0.3174398926400187 0.23366693998892324 0.2900790560263773 0.20017797483020855 
73.00000614147713 73.0 0.0 58.89693941286708 24.687572721451346 0.31608937954087746 0.2301352995019249 0.2894805866001014 0.19858233486761773 
74.00000614147707 74.0 0.0 59.75890068707054 25.06293248585955 0.31426690165153803 0.22768616752185317 0.2893586895326978 0.19785109815754673 
75.00000614147702 75.0 0.0 60.66770768269813 25.365247146529008 0.3133789189668405 0.2267409797783178 0.28938461361625645 0.19921322410348244 
76.00000614147696 76.0 0.0 61.58838226108656 25.659668547036716 0.3120944258222757 0.22663901479374365 0.28841671950551895 0.1993303333881536 
77.0000061414769 77.0 0.0 62.45783885071855 25.965522863530307 0.3114637882799197 0.22549472262830175 0.28724921115849744 0.1980746418156013 
78.00000614147685 78.0 0.0 63.29481574016235 26.277923802246114 0.30929572952721446 0.22295610413951253 0.287565961125061 0.1978963067555707 
79.00000614147679 79.0 0.0 64.12179887570264 26.62378223998272 0.3080706331503289 0.22051819489668087 0.2885401408599669 0.19647079579573995 
80.00000614147673 80.0 0.0 64.93441599000603 26.994630411423355 0.3071170162187577 0.2186261477522128 0.28955739528130786 0.19551903948763066 
81.00000614147667 81.0 0.0 65.74953154278606 27.397109361078765 0.3066489539444687 0.21720193880230645 0.2897239774433121 0.1945658014368784 
82.00000614147662 82.0 0.0 66.55215490318596 27.813686997878968 0.3074831590495653 0.21598975470560988 0.29055582953650905 0.19356955722217398 
83.00000614147656 83.0 0.0 67.3610243597747 28.205111769855282 0.3078060340416212 0.21489483536905254 0.290489423884871 0.19302480128195243 
84.0000061414765 84.0 0.0 68.18675827607721 28.56776110490887 0.3072197018857073 0.21374505746867226 0.29048697624679953 0.19287093857211274 
85.00000614147645 85.0 0.0 69.0374765771397 28.915996345074497 0.3068033079654105 0.2132021594838545 0.29260458512427046 0.19390138300826942 
86.00000614147639 86.0 0.0 69.88881948782021 29.255813630251648 0.3076687708780685 0.2133325530330914 0.29446300998803027 0.19489440752801432 
87.00000614147633 87.0 0.0 70.7682698313558 29.544511208803932 0.3089987333425152 0.21424326892876636 0.29424039744236896 0.19537693320745642 
88.00000614147628 88.0 0.0 71.65396627108032 29.843658217808176 0.3087675312310325 0.21448503235588773 0.2928361203752002 0.19580735948634798 
89.00000614147622 89.0 0.0 72.53404122423538 30.162232124310744 0.308225281193099 0.21361203693862066 0.290598638083218 0.19503058676358692 
90.00000614147616 90.0 0.0 73.4147407870084 30.49937101930809 0.3069727688106314 0.2125785244135223 0.2872053156742748 0.19483117530859032 
91.0000061414761 91.0 0.0 74.28419737663937 30.859638791972635 0.3050126577291134 0.21080155864367656 0.28455263666451536 0.19304686637677335 
92.00000614147605 92.0 0.0 75.11118051217979 31.252681983599576 0.3042138615971431 0.2103410501689667 0.2806117822827284 0.19093467385798213 
93.00000614147599 93.0 0.0 75.9337913803877 31.667244333521392 0.30243706140714366 0.2092734235363842 0.2784373427603492 0.1874059851723352 
94.00000614147594 94.0 0.0 76.74578388507216 32.06327273962787 0.3009551122285136 0.2071692991392411 0.2756229691398056 0.18390458864896211 
95.00000614147588 95.0 0.0 77.59400374765785 32.43241147405615 0.2987218255091262 0.20431244508929366 0.2734513797711743 0.17901583885706002 
96.00000614147582 96.0 0.0 78.45971267957536 32.80228318528112 0.2964979208776522 0.20123342537745215 0.27298054311895215 0.1760041582022761 
97.00000614147577 97.0 0.0 79.33041848844489 33.154074114462325 0.2952486759110734 0.1995121197982107 0.2732614219603354 0.17558398707582915 
98.00000614147571 98.0 0.0 80.22485946283535 33.47757692278313 0.29374338322375765 0.19709582975799805 0.27452050172731257 0.17570672093562203 
99.00000614147565 99.0 0.0 81.12742036227316 33.7810413383573 0.29247287348961876 0.1965197162704922 0.27441803169380313 0.17488179129307552 
100.0000061414756 100.0 0.0 82.03060587132973 34.08842820804729 0.2913843075561178 0.19523794546242856 0.2758767101929051 0.17557630110049854 
101.00000614147554 101.0 0.0 82.91505309181821 34.41508069891448 0.290700223128567 0.19391872446669445 0.2763700211061885 0.17562926190402314 
102.00000614147548 102.0 0.0 83.7713928794499 34.74620779482529 0.2901049416108616 0.19266760022581525 0.27656809416341144 0.1768849843209203 
103.00000614147542 103.0 0.0 84.62086196127467 35.11015578869726 0.2895051492949192 0.19267967731606728 0.2769596751809353 0.17781832631728417 
104.00000614147537 104.0 0.0 85.46033728919423 35.49198616781212 0.2890968513181831 0.19293196466859489 0.2753853302319588 0.17825491757849152 
105.00000614147531 105.0 0.0 86.2860712054962 35.88296060970193 0.28746327238177277 0.19262815112203813 0.2754809705166863 0.17946861772940606 
106.00000614147525 106.0 0.0 87.0936914428479 36.286601748127985 0.28636417947834575 0.19102916195060776 0.2751563117926774 0.17956633046314502 
107.0000061414752 107.0 0.0 87.89506558401023 36.640554470236026 0.2868149001194665 0.19091206837140287 0.2740380302192245 0.1786125593377356 
108.00000614147514 108.0 0.0 88.72142410993095 36.97931647516818 0.2871959653103285 0.19116020020095945 0.27238447831451673 0.1778335982558582 
109.00000614147508 109.0 0.0 89.58276077451593 37.316026082949456 0.28728084721329755 0.19143756116472233 0.2710527846552112 0.1757397921064442 
110.00000614147503 110.0 0.0 90.48282323547805 37.60739436632578 0.28723740132240205 0.191953288857036 0.271281148685366 0.17643607128057057 
111.00000614147497 111.0 0.0 91.39412866958196 37.90908783531909 0.28685296729009285 0.1915401136144956 0.2705148426551715 0.1761066804649436 
112.00000614147491 112.0 0.0 92.26358525921236 38.237079247608044 0.28630788278929414 0.19106332640257803 0.27006977512402164 0.17716719322259653 
113.00000614147486 113.0 0.0 93.12242348532172 38.54589800644219 0.28557010743647887 0.19247808344924117 0.26766607757772237 0.1777236394726479 
114.0000061414748 114.0 0.0 94.00687070580877 38.89147500113465 0.2845079695664659 0.19299257844853918 0.266882694264229 0.177989487714239 
115.00000614147474 115.0 0.0 94.88444722048705 39.274591203599776 0.2833902408637008 0.19453963455014694 0.26444468278461547 0.17759022605247876 
116.00000614147469 116.0 0.0 95.76389756402287 39.67923538577178 0.2813969437530321 0.19531087531081537 0.2619085711634557 0.17596577717381237 
117.00000614147463 117.0 0.0 96.60212367270532 40.07291442467336 0.28027129282506985 0.19492692285394334 0.2591211303187915 0.17517893369931223 
118.00000614147457 118.0 0.0 97.40099937539078 40.45536551559834 0.2796199790803473 0.19508444861592877 0.25728694424887755 0.17396264706844508 
119.00000614147451 119.0 0.0 98.2242348532171 40.806161450261556 0.27812325803897536 0.19352162264007264 0.25610375974316524 0.17420268492410304 
120.00000614147446 120.0 0.0 99.05683947532772 41.131084866009154 0.2770234393350358 0.19215531973166486 0.2564735771285086 0.173539113171287 
121.0000061414744 121.0 0.0 99.90318550905644 41.44482773635564 0.27759697023242624 0.19182938075446032 0.25820896766404455 0.17397324737128134 
122.00000614147434 122.0 0.0 100.75390381011786 41.703245063342976 0.2794346091696917 0.19139074487931684 0.2596734675434979 0.1748641302314347 
123.00000614147429 123.0 0.0 101.588382261086 41.97893626503375 0.28140158982907765 0.1926539396066386 0.26155707937325756 0.1768629622252826 
124.00000614147423 124.0 0.0 102.43160524672028 42.27006003643806 0.2833002557284151 0.19500839491272762 0.26210596331171016 0.17728686289829798 
125.00000614147417 125.0 0.0 103.30293566520989 42.584460753031685 0.2844817155894109 0.19677092100075244 0.26204689985336577 0.17751738545117215 
126.00000614147412 126.0 0.0 104.17364147407942 42.9237239739735 0.28497542989780233 0.19867605402758245 0.2607388948124765 0.17732690033003365 
127.00000614147406 127.0 0.0 105.01124297314193 43.278775092607844 0.28498815842618674 0.19918846933438447 0.2592580918494921 0.1767589837426642 
128.00000614147402 128.0 0.0 105.83697688944376 43.64887205707705 0.28408583108458535 0.19897159721848373 0.25828139655543153 0.17781880238833236 
129.00000614147413 129.0 0.0 106.64647095565243 44.03488604618598 0.28299295633815624 0.19820730153244442 0.2584502282213656 0.1788521110068783 
130.00000614147424 130.0 0.0 107.46595877576422 44.391893930320194 0.2820241252038449 0.19787499261181218 0.2594851788887702 0.17873472088739417 
131.00000614147436 131.0 0.0 108.32042473454044 44.761776537794795 0.28157895165041236 0.1987467394086749 0.26098426258860863 0.1797021142975646 
132.00000614147447 132.0 0.0 109.18113678950694 45.10462469588758 0.2820618570139809 0.199705301119624 0.2619383121048783 0.17969088776413528 
133.00000614147459 133.0 0.0 110.04559650218579 45.40535259922098 0.28247914510957334 0.20093863090299055 0.2623308125558891 0.18024930606605793 
134.0000061414747 134.0 0.0 110.92754528419722 45.694799999924705 0.28282105501246996 0.20118836109729257 0.26161524510273365 0.18035147394837428 
135.0000061414748 135.0 0.0 111.81449094316002 45.996819888784934 0.28277255540032764 0.20129132929268473 0.26058238876689993 0.18020112320951076 
136.00000614147493 136.0 0.0 112.71205496564642 46.31905828961748 0.2828705990268605 0.20175069321359565 0.2588129712653774 0.1801614253183653 
137.00000614147504 137.0 0.0 113.59337913803924 46.64953302163595 0.28155964136264294 0.2012505371559226 0.25809595260102797 0.18096611596689202 
138.00000614147515 138.0 0.0 114.47033104309733 47.002824653980596 0.28087262974362925 0.2014896363958637 0.2580351713400623 0.18238703615461802 
139.00000614147527 139.0 0.0 115.3272954403492 47.37078805279979 0.28067410827574457 0.20145315835321465 0.25816533991373086 0.18487256363292107 
140.00000614147538 140.0 0.0 116.16364772017444 47.77320852408631 0.2805596615139521 0.20133896666961137 0.2587486383456416 0.18651817006731966 
141.0000061414755 141.0 0.0 116.99750156152434 48.1909741938663 0.2803379710311008 0.2017703182683641 0.2597145794560923 0.18734202287328522 
142.0000061414756 142.0 0.0 117.82136164896886 48.54307951083021 0.2799501177848534 0.2021135739943318 0.2599782477758468 0.18576866183897628 
143.00000614147572 143.0 0.0 118.64022485946234 48.87972975528205 0.27929882863003525 0.20280447828635098 0.2598090255764194 0.18599340876769813 
144.00000614147584 144.0 0.0 119.47095565271758 49.209633834734525 0.2784949156038712 0.20265613531745438 0.2602210762226852 0.1861523656273368 
145.00000614147595 145.0 0.0 120.33291692692119 49.489693089053546 0.2773902392536707 0.20107649915147097 0.2592608144932101 0.18582431707904914 
146.00000614147606 146.0 0.0 121.20362273579069 49.77749001172706 0.2774536608607805 0.20210668901087933 0.25788734211007924 0.18521959092286436 
147.00000614147618 147.0 0.0 122.04434728294873 50.074218986314115 0.27775054698462004 0.20341253510992288 0.2568807792745526 0.18386921424006347 
148.0000061414763 148.0 0.0 122.87945034353574 50.35974169609786 0.2770303543587665 0.2052058472455638 0.25494543688860566 0.1828265616606765 
149.0000061414764 149.0 0.0 123.7226733291698 50.659246854338846 0.2762910724334385 0.20735761783108592 0.2539262331679075 0.18215476990543175 
150.00000614147652 150.0 0.0 124.59587757651491 50.97913502595947 0.27464131462655245 0.20805601652218794 0.252933617863992 0.18297876518366984 
151.00000614147663 151.0 0.0 125.45721424110005 51.36498880058952 0.27307149873648673 0.2095193258413928 0.25270089405587637 0.18371625954775064 
152.00000614147675 152.0 0.0 126.28107432854482 51.76186770051013 0.27127951287654783 0.2099569309758772 0.2517367015421587 0.18404872375536485 
153.00000614147686 153.0 0.0 127.07058088694525 52.14324635295412 0.26966811932464624 0.21039446439002313 0.25074522948280337 0.1837026216167817 
154.00000614147697 154.0 0.0 127.85071830106189 52.49947215016768 0.2685457118691497 0.2107893005568628 0.24959114840761412 0.18302069750771732 
155.0000061414771 155.0 0.0 128.66958151155532 52.848274620722144 0.26686206486941577 0.21048339490907458 0.24905975980721035 0.1831421924511645 
156.0000061414772 156.0 0.0 129.5134291068074 53.18668748659169 0.2655255779643282 0.2096706277927041 0.2492352419806607 0.18465091460443078 
157.00000614147731 157.0 0.0 130.38038725796392 53.472454031023574 0.2650154011149402 0.2083592173904833 0.24973427189909006 0.18661385060260874 
158.00000614147743 158.0 0.0 131.23797626483466 53.77347354320661 0.2659921827040264 0.20796919066272992 0.2500602267028751 0.18609809632000246 
159.00000614147754 159.0 0.0 132.09181761399083 54.0751762757803 0.26661497023590525 0.20852398217106943 0.25104070820856694 0.18656768448066177 
160.00000614147766 160.0 0.0 132.9587757651473 54.38227697973257 0.26770292222909886 0.2093643242284314 0.2524371962000607 0.18758886938798291 
161.00000614147777 161.0 0.0 133.8475952529668 54.69332005168518 0.2679336887322038 0.2103409394163204 0.2524834346159122 0.18890441096393362 
162.00000614147788 162.0 0.0 134.7089319175523 55.024905510332296 0.2682776047327686 0.21226393799084417 0.2530721516802802 0.1915909627529991 
163.000006141478 163.0 0.0 135.5534041224233 55.40003206196916 0.2689738118119036 0.21375176180362007 0.25353011969368516 0.19331051756907158 
164.0000061414781 164.0 0.0 136.3816364772019 55.799606966091375 0.2690587401691183 0.2153678714523787 0.25341655424945386 0.1926616302833678 
165.00000614147822 165.0 0.0 137.19113054340983 56.18558263721729 0.26866989373419414 0.21549257375392333 0.25167386702804184 0.1912840037259945 
166.00000614147834 166.0 0.0 137.99312929419125 56.57024905163397 0.2676615512114311 0.21566339251643143 0.24950838665401562 0.1891636325699597 
167.00000614147845 167.0 0.0 138.79450343535217 56.912572159136296 0.2664926048558892 0.2157286220368151 0.24895156883936087 0.1888814388221753 
168.00000614147856 168.0 0.0 139.6308557151774 57.22956423326835 0.2660894663522069 0.21689947778126697 0.24875765773147981 0.1888799890496897 
169.00000614147868 169.0 0.0 140.45971267957486 57.50378059021333 0.26726341945112864 0.2199548669527781 0.24885418562006315 0.1905618517831574 
170.0000061414788 170.0 0.0 141.28669581511548 57.785635145233655 0.26850401158428994 0.22226754776312976 0.24880171457110573 0.19144143675630698 
171.0000061414789 171.0 0.0 142.1380387257968 58.08911523169385 0.2696303024906606 0.22334887075672302 0.24888480220785592 0.19300939719831148 
172.00000614147902 172.0 0.0 142.9725171767649 58.39279060142949 0.26949307939649847 0.22432708864562198 0.24832732398241383 0.19538003373100937 
173.00000614147913 173.0 0.0 143.8132417239224 58.721690835219746 0.2681005381717657 0.2246985253229914 0.24865242334242993 0.19819778968893134 
174.00000614147925 174.0 0.0 144.6308557151774 59.061339066514435 0.267194362599074 0.2265279415164759 0.248155744519502 0.19784172316828988 
175.00000614147936 175.0 0.0 145.45471580262347 59.426945523977615 0.2671841749210655 0.22975340273465042 0.2476515270736409 0.19858352312176164 
176.00000614147947 176.0 0.0 146.26108682073763 59.835539531854195 0.26760320363929463 0.23207295790105176 0.24764733767898045 0.19919328196658792 
177.0000061414796 177.0 0.0 147.0393504059955 60.20077097162287 0.2678058625630391 0.23242094462595794 0.24964565637748207 0.200796575345241 
178.0000061414797 178.0 0.0 147.8101186758271 60.55474938060954 0.26775989391703714 0.23226473830574745 0.25128202251727727 0.20334380744364294 
179.00000614147982 179.0 0.0 148.57526545908766 60.873091245805085 0.26808826205619496 0.23138350767457563 0.25185083112030354 0.20300265640804574 
180.00000614147993 180.0 0.0 149.37976264834472 61.146561147734225 0.2683163839587511 0.2321976466405093 0.2513964417375717 0.20343631151476704 
181.00000614148004 181.0 0.0 150.20487195502733 61.432812903603974 0.26865604590617287 0.2323803441207979 0.25095823497207376 0.20294830561587895 
182.00000614148016 182.0 0.0 151.01623985009428 61.72214745212985 0.2687424486729454 0.23265552520649008 0.2506660310879768 0.20233163813771837 
183.00000614148027 183.0 0.0 151.86071205496663 61.99775166683622 0.26931821207437745 0.23330686796750622 0.2506792592933686 0.20373960504744393 
184.00000614148038 184.0 0.0 152.6958151155521 62.27451757120079 0.2696322967641418 0.23261551505835287 0.25089008978633626 0.2044786598784639 
185.0000061414805 185.0 0.0 153.51842598375984 62.57644178539508 0.26939343377284547 0.23264022124551356 0.24995640148703216 0.2030484491396227 
186.0000061414806 186.0 0.0 154.34103685196663 62.93283023330745 0.26884523578524505 0.2327781724491034 0.24808417751243975 0.20201693462328177 
187.00000614148072 187.0 0.0 155.13866333541606 63.31668034935344 0.2680414349112624 0.23311831358971424 0.24680846536917012 0.20232113087322254 
188.00000614148084 188.0 0.0 155.90256089943887 63.699631079682916 0.2655561578081752 0.23198203880561014 0.2467422944541087 0.20359383134433084 
189.00000614148095 189.0 0.0 156.64459712679525 64.05378977744572 0.2642945904856963 0.2325536141924892 0.24574228313774862 0.20360494909050214 
190.00000614148107 190.0 0.0 157.3797626483448 64.37806839439678 0.26356870941072075 0.23339503722947258 0.24437732543651794 0.20219631046483832 
191.00000614148118 191.0 0.0 158.1230480949413 64.6927486253549 0.26287588643678017 0.23410691296440794 0.24341945078097763 0.20138850035797162 
192.0000061414813 192.0 0.0 158.90193628981962 64.95910061337386 0.26152787682262574 0.23301970444487585 0.24322028318081104 0.203571995907156 
193.0000061414814 193.0 0.0 159.67270455965098 65.23713712865771 0.26120139147140875 0.2324340810451774 0.2439224508041344 0.2053688961596415 
194.00000614148152 194.0 0.0 160.46346033728835 65.49343532193576 0.2607071312630175 0.23169788380549433 0.24550288018709943 0.20900342653310044 
195.00000614148163 195.0 0.0 161.3023110555908 65.7595510242102 0.26091277643718097 0.23167153680931038 0.2461449070730983 0.2110847118762603 
196.00000614148175 196.0 0.0 162.14740787008242 66.05968518952533 0.2620139942019318 0.23305400997260087 0.24653427712963938 0.21241791569396054 
197.00000614148186 197.0 0.0 162.97439100562212 66.4041882622585 0.26336073795133225 0.23382387138924343 0.24697964045637388 0.21176390959845187 
198.00000614148198 198.0 0.0 163.78513429106863 66.77906710843291 0.264194055748243 0.23368150621712905 0.24760637389280368 0.2105589102356113 
199.0000061414821 199.0 0.0 164.58151155527818 67.1832178297808 0.2657689079967771 0.23433466072393833 0.2482837072988112 0.21053560249411804 
200.0000061414822 200.0 0.0 165.3685196752029 67.58209162470301 0.2672809635644787 0.23531821025766494 0.2500754032070129 0.21071837338678887 
201.00000614148232 201.0 0.0 166.15490318550835 67.981208727164 1.496127768249874 2.126993661474652 1.6488096002797223 2.2102801079033547 
202.00000614148243 202.0 0.0 166.92629606496067 68.33135857228962 2.0272990764292924 2.335737054198909 1.9489950201305775 2.3391088658930737 
203.00000614148254 203.0 0.0 167.69019362898237 68.62487857930944 1.768208217645012 2.223022319175841 1.7951812348055036 2.2493762139055242 
204.00000614148266 204.0 0.0 168.46158650843196 68.88963042237401 1.6023541853007537 2.1890600303816807 1.6102897579875812 2.1988106107625356 
205.00000614148277 205.0 0.0 169.28794503435358 69.1644248211245 1.518520826106431 2.177667226639446 1.5033634509616776 2.1758157928473345 
206.00000614148288 206.0 0.0 170.17426608369811 69.44893978565563 1.4772684591747818 2.163302791532676 1.470500483213185 2.1649783513508383 
207.000006141483 207.0 0.0 171.03810118675887 69.72736494657062 1.4500246928389502 2.1439844678239974 1.4435984779344961 2.147443497537387 
208.0000061414831 208.0 0.0 171.88881948781884 70.03332336229674 1.4283580982208584 2.1230132481967527 1.422431042298806 2.1262700966153103 
209.00000614148323 209.0 0.0 172.69893816364842 70.34797833002608 1.408739256024183 2.1008750448670734 1.4041666783613616 2.1080994452962423 
210.00000614148334 210.0 0.0 173.47033104309708 70.68718430842196 1.3889728411655908 2.078430480600278 1.3869957615959467 2.0887768438259027 
211.00000614148345 211.0 0.0 174.245471580263 71.07707317442836 1.3674749949970473 2.0532047311333987 1.3671220971724853 2.063061021730834 
212.00000614148357 212.0 0.0 175.03247970018666 71.42749081698018 1.3456843275782673 2.024006789177862 1.345527289035794 2.028105174023809 
213.00000614148368 213.0 0.0 175.8213616489702 71.78285358213869 1.3234240564115256 1.9881133849729429 1.3212200979742843 1.9854766749180541 
214.0000061414838 214.0 0.0 176.61711430355984 72.11626156365529 1.2983408537467018 1.9442122765128296 1.2965363464344122 1.9429634015938462 
215.0000061414839 215.0 0.0 177.4590880699566 72.4137830900848 1.2703058834279735 1.895475706578325 1.266340951618569 1.888949936396632 
216.00000614148402 216.0 0.0 178.33291692692123 72.72498519799602 1.2384830176944925 1.838964252545674 1.2289050980732268 1.8229406933943924 
217.00000614148414 217.0 0.0 179.20549656464797 73.04310111002205 1.2040303311809435 1.775735297307709 1.1882923795195066 1.7487773798276123 
218.00000614148425 218.0 0.0 180.1018113678954 73.37035506910735 1.1655094037294949 1.705785604363354 1.1443905053933925 1.6705761108867863 
219.00000614148436 219.0 0.0 181.00749531542866 73.72021394288753 1.1224697049696044 1.6288322295977582 1.0950814284466721 1.5881523083263005 
220.00000614148448 220.0 0.0 181.89631480324735 74.10585666909749 1.0748889777996964 1.5470538916560626 1.0387033573581084 1.495272575006471 
221.0000061414846 221.0 0.0 182.7638975640229 74.54394154322321 1.0230221102356034 1.4613713092564697 0.9754805962193172 1.3951281508116113 
222.0000061414847 222.0 0.0 183.61648969394014 74.99615208742428 0.9675416556910423 1.3729312938836578 0.9083049509571025 1.2877145703463468 
223.00000614148482 223.0 0.0 184.47595252966929 75.44416529863484 0.9088984596010884 1.279963437715341 0.8372775431681198 1.1778475131355153 
224.00000614148493 224.0 0.0 185.34665833853884 75.86204009838382 0.8467904720951596 1.1845241698703977 0.763668897633352 1.0721665858809248 
225.00000614148504 225.0 0.0 186.22735790131108 76.26176647624581 0.7821603852097911 1.0880724624354758 0.6895045450533279 0.9604432887966392 
226.00000614148516 226.0 0.0 187.12804497189296 76.65146260338403 0.7183479868537272 0.9893941274008939 0.6198807137827684 0.8462866379993631 
227.00000614148527 227.0 0.0 188.05746408494767 76.97382149676022 0.6546681904535353 0.891531973332408 0.5516667311367991 0.7319135212203224 
228.0000061414854 228.0 0.0 188.9793878825737 77.29858633814128 0.593040917871416 0.7946813271918441 0.4856670973971328 0.6213967219285169 
229.0000061414855 229.0 0.0 189.89693941286814 77.62251604320087 0.5340066219644442 0.7000052270021929 0.4321165266680977 0.521884393565659 
230.0000061414856 230.0 0.0 190.81386633354182 77.95381057141839 0.48080352017299466 0.6080737165816412 0.3847037393079353 0.42321094336361303 
231.00000614148573 231.0 0.0 191.71205496564642 78.32216423744285 0.4354525458079088 0.5210512197029182 0.34688698339672075 0.3368114676455807 
232.00000614148584 232.0 0.0 192.5652717051836 78.72843922745933 0.3950280040061119 0.4423926818714835 0.31856824491526897 0.2708406706707374 
233.00000614148595 233.0 0.0 193.39912554653506 79.16204882539913 0.3612520639957824 0.37154692825260915 0.2998911738724795 0.23271260035814 
234.00000614148607 234.0 0.0 194.2261086820744 79.60207342092737 0.3372056019567978 0.31312445904559666 0.2948696072998187 0.2230933524774193 
235.00000614148618 235.0 0.0 195.0624609619 80.03399962634563 0.32125875215841765 0.2720107386511575 0.3011927636566672 0.22751931267979306 
236.0000061414863 236.0 0.0 195.9088069956284 80.45952664935551 0.31653364259985284 0.24997892520478493 0.31445267161146634 0.24101187388899603 
237.0000061414864 237.0 0.0 196.74328544659653 80.84094526568256 0.31850988452118323 0.2435278107181225 0.3240646533557007 0.2532792538944764 
238.00000614148652 238.0 0.0 197.60399750156233 81.18172105843786 0.32414719021952354 0.24661129289 0.3285233757625558 0.2568250220255716 
239.00000614148664 239.0 0.0 198.48782011242932 81.48864956426515 0.3316345440496971 0.2550729035096878 0.3280045138432421 0.2539376002293514 
240.00000614148675 240.0 0.0 199.3635227982503 81.80865796834786 0.33840689637471966 0.2620799406037814 0.3268155656610037 0.24862681449665125 
241.00000614148686 241.0 0.0 200.23672704559723 82.13212404583888 0.34505157630789424 0.26776038177353495 0.32628661492857763 0.24474824466410336 
242.00000614148698 242.0 0.0 201.07058088694524 82.46086581054578 0.3496772412756869 0.271504142036489 0.3247157053513408 0.24297079624006787 
243.0000061414871 243.0 0.0 201.88382261086716 82.8265144405974 0.35049541535440965 0.2737283782507254 0.3229246230599971 0.2415338775964696 
244.0000061414872 244.0 0.0 202.6808244846963 83.21729801140968 0.349102313885457 0.2738637346452782 0.3202421493601262 0.2395274257410052 
245.00000614148732 245.0 0.0 203.47657713928922 83.63615161684984 0.34689003762386517 0.27262798732990146 0.31757353599523164 0.23802821706371938 
246.00000614148743 246.0 0.0 204.26171143035495 84.08352745525848 0.3452244873503598 0.270846041419058 0.3150861935818977 0.23632617400049008 
247.00000614148755 247.0 0.0 205.05933791380514 84.4887025099296 0.3427175490146749 0.26799761986213444 0.3128108814045831 0.23369856004624093 
248.00000614148766 248.0 0.0 205.87820112429844 84.88599431450463 0.33928410730513453 0.26415062648824367 0.31078963405773874 0.23135692042231235 
249.00000614148777 249.0 0.0 206.71580262336124 85.2576671412665 0.3349476728635515 0.25855526237800325 0.3091629986221397 0.22942165252166644 
250.0000061414879 250.0 0.0 207.61399125546603 85.57394261176947 0.33090987884302325 0.25336010151781324 0.3076708335441019 0.229473143408432 
#####################################################################
# End of data export. Simulation finished at: 2020-02-28T07:50+0000 #
#####################################################################
