#####################################################################
# Alchemist log file - simulation started at: 2020-02-27T07:43+0000 #
#####################################################################
# seed = 23.0, reactivity = 1.2, speed = 2
#
# The columns have the following meaning: 
# time classicrc[Mean] classicrc[StandardDeviation] reactiverc[Mean] reactiverc[StandardDeviation] errorclassic[Mean] errorclassic[StandardDeviation] errorreactive[Mean] errorreactive[StandardDeviation] 
0.0 NaN NaN NaN NaN NaN NaN NaN NaN 
1.0000061414769124 1.0 0.0 1.0 0.0 NaN NaN NaN NaN 
2.0000061414769115 2.0 0.0 1.4078700811992504 0.4915923342674859 NaN NaN NaN NaN 
3.0000061414769132 3.0 0.0 1.9094316052467213 0.3871914761787594 NaN NaN NaN NaN 
4.000006141476915 4.0 0.0 2.0630855715178003 0.6137122479614947 NaN NaN NaN NaN 
5.000006141476911 5.0 0.0 2.387257963772644 0.9453504847611224 NaN NaN NaN NaN 
6.0000061414769075 6.0 0.0 2.9269206745783913 1.3319275784848577 NaN NaN NaN NaN 
7.000006141476904 7.0 0.0 3.6158650843223 1.655059860484319 NaN NaN NaN NaN 
8.0000061414769 8.0 0.0 4.425359150530918 1.9165937262642012 NaN NaN NaN NaN 
9.000006141476907 9.0 0.0 5.33791380387258 2.058547520720761 NaN NaN NaN NaN 
10.000006141476915 10.0 0.0 6.275452841973771 2.079592101935132 NaN NaN NaN NaN 
11.000006141476922 11.0 0.0 7.212991880074937 2.144232054969572 0.4293151750383059 0.39362420395877845 0.38673258234140423 0.32176410266042665 
12.000006141476929 12.0 0.0 8.113054341036836 2.2815204859194664 0.3747968655213871 0.3016365209368592 0.34009587661219154 0.24665550850478804 
13.000006141476936 13.0 0.0 8.96876951905058 2.5013044691661155 0.3424028529938503 0.24859986111659166 0.3189217261455358 0.2128328186643621 
14.000006141476943 14.0 0.0 9.814490943160514 2.767433807939077 0.32286382746929065 0.21787341525926124 0.3077067879606058 0.19580248083452903 
15.00000614147695 15.0 0.0 10.663335415365353 3.0231955143607956 0.3117047489410059 0.2029944523663796 0.3027838695423818 0.1882363283027324 
16.000006141476955 16.0 0.0 11.519675202998153 3.3263747375244628 0.3051551962248891 0.19596561713835567 0.30022893127632355 0.1848689484709713 
17.00000614147694 17.0 0.0 12.394128669581509 3.6034969829228207 0.3005688355993448 0.1918715104668649 0.299631868521648 0.18506787633166916 
18.000006141476927 18.0 0.0 13.233603997501527 3.8847966569157815 0.29783498279174175 0.18968084465265073 0.29910435792999723 0.18601388579281528 
19.000006141476913 19.0 0.0 14.048719550281119 4.196888719268609 0.29599623058344304 0.18866995228820035 0.29902351441288616 0.18673695768431228 
20.0000061414769 20.0 0.0 14.850718301061804 4.51298970154168 0.29479860732310365 0.18831090692478644 0.29837155977857593 0.18784710346819763 
21.000006141476884 21.0 0.0 15.635852592129888 4.896982620783679 0.29398388593395247 0.18811548108282747 0.2970231578269466 0.18806182124455054 
22.00000614147687 22.0 0.0 16.388507183010677 5.319677418096379 0.2930740365594378 0.18765976757088643 0.2958532924825239 0.18860636377591466 
23.000006141476856 23.0 0.0 17.118675827607795 5.769069010288557 0.29238685840878054 0.18721063884459416 0.2950520316301425 0.18811101662158142 
24.00000614147684 24.0 0.0 17.85946283572761 6.223613256081501 0.29186671506132306 0.18683288682971613 0.29435253897856134 0.18767766974447042 
25.000006141476828 25.0 0.0 18.61961274203623 6.658047018453504 0.2914628556316765 0.18662374807318186 0.29436144267076714 0.18725725853826605 
26.000006141476813 26.0 0.0 19.414740787008153 7.099586788918899 0.29122065003805586 0.18666175341663446 0.29332358650287815 0.18628432150795574 
27.0000061414768 27.0 0.0 20.221111805121765 7.519878922769764 0.2910257528215601 0.18678947468179702 0.2929076399592992 0.18618163972629725 
28.000006141476785 28.0 0.0 21.048719550281124 7.899691444728951 0.29081296887394587 0.18689996061418376 0.2919990092084968 0.18579672468942798 
29.00000614147677 29.0 0.0 21.88757026858219 8.259379616848669 0.2905795793682563 0.1868988385744 0.2909301211118743 0.18487895373857707 
30.000006141476756 30.0 0.0 22.733291692692212 8.602801707611743 0.2903064001445983 0.1868116436625097 0.289867446960041 0.1843178997245665 
31.000006141476742 31.0 0.0 23.57464084946917 8.980163222990734 0.28998471691610805 0.18658422847712058 0.2891924593648027 0.18288689787868737 
32.00000614147673 32.0 0.0 24.395377888819336 9.359845277713516 0.289790458549604 0.18631156388702666 0.28821027307229047 0.1824305561926524 
33.00000614147676 33.0 0.0 25.175515302935793 9.773359203719128 0.28965954777004743 0.1860508933345647 0.28736062836855825 0.18222721285544088 
34.00000614147679 34.0 0.0 25.9419113054343 10.209358383102645 0.28953788954798165 0.18579160543450654 0.28644473643325413 0.1822936790966913 
35.00000614147682 35.0 0.0 26.69081823860103 10.671338805068789 0.2894582727804366 0.18554920229092772 0.28621326080067 0.1821132569886676 
36.000006141476845 36.0 0.0 27.45534041224225 11.153392332589771 0.2893681437840203 0.18534282285038803 0.2858835067854737 0.1819237340076358 
37.000006141476874 37.0 0.0 28.248594628357424 11.598789250874269 0.2891738845245732 0.18505608864462286 0.28566344488955026 0.1808334891902377 
38.0000061414769 38.0 0.0 29.05559025608989 12.012859059857691 0.288906530323372 0.18475856668748564 0.28438257352476104 0.18021649251915925 
39.00000614147693 39.0 0.0 29.8725796377264 12.41566566494984 0.28860122486335144 0.18447416535828057 0.2838419908461226 0.17891758635311025 
40.00000614147696 40.0 0.0 30.728919425359276 12.771461129961944 0.28837898009885043 0.18401783427505533 0.28320245062628874 0.17754119321645884 
41.00000614147699 41.0 0.0 31.600874453466634 13.141203302394052 0.28822988717027115 0.18351430273451516 0.2821888480183709 0.17588781462353648 
42.000006141477016 42.0 0.0 32.45534041224239 13.514368669111873 0.2880997052489555 0.18296243803033793 0.28157212531816833 0.1741076549397954 
43.000006141477044 43.0 0.0 33.27982510930688 13.89668661837756 0.28799219761412354 0.18244357381326975 0.2809473093036177 0.1731888631251345 
44.00000614147707 44.0 0.0 34.08806995627739 14.293105465052127 0.2879159432597318 0.18204300198692155 0.2806075633343444 0.17243432398031167 
45.0000061414771 45.0 0.0 34.87195502810733 14.719773070192916 0.28783953701981735 0.18167929266820543 0.2802021136076178 0.1724469562301389 
46.00000614147713 46.0 0.0 35.64522173641462 15.191002393404679 0.2875372896471679 0.18140559253457084 0.27939318392449325 0.17195880162613433 
47.00000614147716 47.0 0.0 36.40849469081816 15.666222511988297 0.28707176002575696 0.18114041674303408 0.27871453950995223 0.1715885051986692 
48.000006141477186 48.0 0.0 37.18051217988732 16.118755224505023 0.28644077226538506 0.18076105229208278 0.278394989469756 0.17088020365652012 
49.000006141477215 49.0 0.0 37.979387882573604 16.547551174571694 0.2855158282963097 0.18046487965523234 0.2773335655092437 0.17004846092323592 
50.00000614147724 50.0 0.0 38.80824484697077 16.938383393347006 0.28448745857543195 0.18016918037297697 0.27669525685735313 0.16980474485349864 
51.00000614147727 51.0 0.0 39.646470955652504 17.339764678350257 0.28336682153252146 0.17998769589713323 0.2759099972251758 0.16911819142293566 
52.0000061414773 52.0 0.0 40.525921299188155 17.694299475150245 0.28242510561224576 0.17954312689017066 0.2751893500792393 0.16897411444358368 
53.00000614147733 53.0 0.0 41.38913179262934 18.048901817236548 0.281416630124468 0.1791829588150344 0.27399274777557037 0.1692767589054616 
54.00000614147736 54.0 0.0 42.23235477826369 18.425925418118158 0.2806349214024808 0.1787356931591489 0.2731136784079102 0.16854220779672788 
55.000006141477385 55.0 0.0 43.05933791380366 18.81537540979105 0.27988391498866333 0.17834204217263894 0.2725989518123895 0.16880536378794936 
56.000006141477414 56.0 0.0 43.8788257339161 19.240460171738093 0.27901600798550913 0.17822906097830327 0.2712262005347285 0.1687049860446845 
57.00000614147744 57.0 0.0 44.66770768269844 19.6907532310091 0.2780626283703362 0.1781076827329556 0.2698337697331884 0.1688245746460084 
58.00000614147747 58.0 0.0 45.437226733291986 20.149875019567375 0.27709168691368485 0.17793117802670666 0.2689408154997763 0.16867541508050368 
59.0000061414775 59.0 0.0 46.21486570893235 20.60540108497236 0.27603134403141083 0.17765129083144945 0.2677534997557188 0.16824325254345193 
60.00000614147753 60.0 0.0 47.00874453466602 21.03900956521769 0.27466158399012147 0.1772831106097228 0.2674047540981745 0.16780220508034746 
61.000006141477556 61.0 0.0 47.8382261086819 21.46315302678851 0.2733438403441973 0.17685632454491967 0.2661441687599187 0.16746334299834992 
62.000006141477584 62.0 0.0 48.68082448469661 21.86240925240853 0.2718864897368045 0.17622902033431673 0.26513158339800214 0.16725758344278477 
63.00000614147761 63.0 0.0 49.54028732042503 22.227961718686487 0.2699092856446715 0.17555739793892938 0.26388729707960473 0.16749671464714624 
64.00000614147764 64.0 0.0 50.42036227357919 22.57565193119934 0.26827375022660477 0.17455818472598514 0.2626512361686927 0.16692193393459315 
65.00000614147758 65.0 0.0 51.29356652092435 22.9264315765555 0.26675048427304954 0.17304439116134115 0.261401841971415 0.16692123682670615 
66.00000614147753 66.0 0.0 52.156152404747225 23.311034966014567 0.26550037862381465 0.17157746955356792 0.2607202995078211 0.1661153166299156 
67.00000614147747 67.0 0.0 52.99687695190495 23.70539211319811 0.2645809821866826 0.17056486745335173 0.2597450114235513 0.16575059830384764 
68.00000614147741 68.0 0.0 53.80074953154261 24.129487135823194 0.2638300678460049 0.16995516538779312 0.25871664130446415 0.16585848920069501 
69.00000614147736 69.0 0.0 54.59025608994384 24.57535869518241 0.2626504683329827 0.16995676629261494 0.25746686692420284 0.16542767987875023 
70.0000061414773 70.0 0.0 55.374765771393015 25.028148410054843 0.26188380956566426 0.16964960457885217 0.2572933848089233 0.16514834906626139 
71.00000614147724 71.0 0.0 56.17676452217379 25.491873406541586 0.26131164485198155 0.16923450118914024 0.2568516477910979 0.16459636755072946 
72.00000614147719 72.0 0.0 56.99500312304849 25.92636158460368 0.26085965248145543 0.16885496927560173 0.25720804683152193 0.16367489545510205 
73.00000614147713 73.0 0.0 57.825109306683515 26.33069775240807 0.2605136415964868 0.16839133855720015 0.2567352139317651 0.16355128189403578 
74.00000614147707 74.0 0.0 58.65958775765182 26.73318952313679 0.26027724576223654 0.1679079322454617 0.2567068849541477 0.16280122025652072 
75.00000614147702 75.0 0.0 59.54403497813888 27.07285478036612 0.2601413709007665 0.16739752342051004 0.25676370162962137 0.1628805422904237 
76.00000614147696 76.0 0.0 60.44284821986255 27.424157013162286 0.26002414973778853 0.1669632590808944 0.2557871594896279 0.16290552819842904 
77.0000061414769 77.0 0.0 61.32354778263593 27.785972205510035 0.25970671995038763 0.16678317000900608 0.255472674747752 0.16238832443077741 
78.00000614147685 78.0 0.0 62.17926296064942 28.160272898294927 0.2596361636939686 0.16650328748953905 0.254506535559752 0.1621936079684469 
79.00000614147679 79.0 0.0 63.00187382885733 28.564805644123954 0.259774058867225 0.1660900177702652 0.25328294406265967 0.16137322536619353 
80.00000614147673 80.0 0.0 63.80699562773301 28.99540223950369 0.25961464702218423 0.1659582850939253 0.2514705103579467 0.16155161167521276 
81.00000614147667 81.0 0.0 64.60836976889433 29.461791440833764 0.25917212049046007 0.16608536753596928 0.24984336165504642 0.16063251419759308 
82.00000614147662 82.0 0.0 65.3997501561523 29.918850244244695 0.25913413665504587 0.16584282082736848 0.24861454878128603 0.15944465988726064 
83.00000614147656 83.0 0.0 66.20737039350364 30.336850044843928 0.25908268642748955 0.16561205985950642 0.24793878498480076 0.1579416884222356 
84.0000061414765 84.0 0.0 67.02935665209262 30.736090555702603 0.25892338503381246 0.16542881970291268 0.24715623670271905 0.15712076324427893 
85.00000614147645 85.0 0.0 67.86196127420325 31.11535486541985 0.25872118064347016 0.16532340651942568 0.24684684599578383 0.15728163371698387 
86.00000614147639 86.0 0.0 68.70580886945652 31.500599557563056 0.2585689989298848 0.165318373393487 0.24661775729508947 0.15732975721401177 
87.00000614147633 87.0 0.0 69.5908806995632 31.825825076286716 0.258198960058093 0.16581631710811973 0.246266819872077 0.15806296619810217 
88.00000614147628 88.0 0.0 70.48032479700227 32.15602228035119 0.2574292342086506 0.16675336219281472 0.24595022955791163 0.15790693545216225 
89.00000614147622 89.0 0.0 71.3466583385388 32.49937119220644 0.25690757208895354 0.167443358673027 0.24609997833903732 0.1573163683273885 
90.00000614147616 90.0 0.0 72.193004372267 32.8630240700791 0.2566905991707088 0.16767975416483863 0.24620736999506718 0.15680693612126925 
91.0000061414761 91.0 0.0 73.0299812617109 33.27135179944097 0.2564965802994192 0.16764736846355577 0.2459565497643103 0.15613852412502116 
92.00000614147605 92.0 0.0 73.84322298563427 33.71364383459416 0.2563399179022058 0.16741600809093837 0.24554929193930594 0.156293717231111 
93.00000614147599 93.0 0.0 74.64209868831942 34.15880123178724 0.25600015425836736 0.16731480121598946 0.24589681040317773 0.15576752527999782 
94.00000614147594 94.0 0.0 75.45159275452808 34.58099639287523 0.2562055472052226 0.16677376399239574 0.24626521958835734 0.1550519057088764 
95.00000614147588 95.0 0.0 76.280449718926 34.97986097453257 0.2567492181242575 0.1660285645127573 0.24711935609248348 0.1540052160988372 
96.00000614147582 96.0 0.0 77.12242348532172 35.39004101612551 0.2573601438392214 0.16527019872767243 0.24727359685508907 0.15325445801212456 
97.00000614147577 97.0 0.0 77.96564647095599 35.773568372437296 0.2578300056105429 0.16463755539634214 0.24754360605958242 0.15272921448567928 
98.00000614147571 98.0 0.0 78.82136164896886 36.10572071562499 0.2580096575805273 0.16427978268743734 0.24710057450574763 0.15291446062906786 
99.00000614147565 99.0 0.0 79.68519675202957 36.422926666824594 0.25784660929339526 0.16412851563274128 0.2463930863348926 0.1530846586862944 
100.0000061414756 100.0 0.0 80.55277951280505 36.742871673727194 0.25709031647590774 0.16419901468033304 0.2454284702748685 0.15296880540056984 
101.00000614147554 101.0 0.0 81.42348532167458 37.09845748942858 0.2559196888252043 0.16427830111119376 0.24402115614138503 0.1529273070188532 
102.00000614147548 102.0 0.0 82.26108682073672 37.47041220840929 0.25386348368938316 0.16448362748706508 0.2420662109562916 0.15269136397661612 
103.00000614147542 103.0 0.0 83.08057464085019 37.882306274428046 0.2520685469932067 0.16397622749536728 0.24017568988348564 0.15164836722684388 
104.00000614147537 104.0 0.0 83.88632104934446 38.31154615803654 0.24984088908741459 0.16271972732907056 0.23802781052723715 0.15067831257461053 
105.00000614147531 105.0 0.0 84.69269206745706 38.747119284028564 0.24740273150406153 0.16083971478114387 0.23619971975605653 0.14943099408285324 
106.00000614147525 106.0 0.0 85.51467832604632 39.20416037440524 0.2444292210803701 0.1590095988263809 0.23411676886415356 0.1480298440351456 
107.0000061414752 107.0 0.0 86.35477826358452 39.6392835923711 0.24194017956634273 0.1561815369504452 0.23341571125265692 0.1459848352324528 
108.00000614147514 108.0 0.0 87.21236727045647 40.04164859187286 0.24043379480410265 0.15409209913223498 0.2324723992280876 0.1457780646357828 
109.00000614147508 109.0 0.0 88.07557776389712 40.42769668719198 0.23944335592874064 0.15302124122101712 0.23271444204451816 0.14628210605985464 
110.00000614147503 110.0 0.0 88.97376639600182 40.764084208625256 0.23917491903096688 0.1529191468966808 0.23273472856421254 0.1471383835710593 
111.00000614147497 111.0 0.0 89.88944409743844 41.10186607385707 0.23946552046774483 0.15295526117575212 0.232957124338945 0.14777741460164318 
112.00000614147491 112.0 0.0 90.77076826983163 41.46048474115918 0.23987226269834486 0.15340149902145223 0.2337163731405227 0.14849980187183476 
113.00000614147486 113.0 0.0 91.6408494690824 41.80984100995787 0.24020889118573613 0.15401984308229744 0.2338889554149776 0.14945745493205342 
114.0000061414748 114.0 0.0 92.48532167395368 42.186460395037656 0.24076950359336466 0.1546866416314216 0.23425699990888782 0.15017865665945557 
115.00000614147474 115.0 0.0 93.30231105558978 42.58921284674851 0.2414320720594952 0.15532116733474868 0.23448456755180624 0.1511526940600737 
116.00000614147469 116.0 0.0 94.12804497189173 43.017051494006196 0.2419852800650971 0.15587690851257072 0.23457149159728868 0.15155759392156298 
117.00000614147463 117.0 0.0 94.95627732667108 43.43904450069074 0.24212861255312837 0.15676902271394832 0.23457430915714597 0.15200276479363703 
118.00000614147457 118.0 0.0 95.78638351030659 43.86093751249902 0.24188988284337742 0.15735934729259285 0.23464926238049347 0.15162571135724906 
119.00000614147451 119.0 0.0 96.62460961898756 44.26397653835599 0.24065243149233392 0.15789751142213473 0.2327099755933636 0.15152439784299462 
120.00000614147446 120.0 0.0 97.47720174890614 44.657246177579154 0.2397149482641219 0.15773186434963646 0.23110021510703221 0.1508027492033159 
121.0000061414744 121.0 0.0 98.35290443472867 45.04967819664756 0.23824486473361864 0.15684055127613875 0.22932959291213295 0.14915268140548726 
122.00000614147434 122.0 0.0 99.26733291692726 45.37675328232185 0.23717751645959995 0.15622733249752543 0.22817969502914748 0.14827296924806957 
123.00000614147429 123.0 0.0 100.15427857589029 45.702536124867464 0.23719187776085698 0.15526672020658194 0.22801720638871897 0.14813029096289757 
124.00000614147423 124.0 0.0 101.0168644597119 46.031921971738996 0.2376577384744004 0.15486873683192348 0.2278970044595876 0.1477861620574168 
125.00000614147417 125.0 0.0 101.85384134915763 46.37899442956181 0.23817303525297553 0.15446857642556436 0.22789139213741122 0.14793468744453214 
126.00000614147412 126.0 0.0 102.67895065583934 46.7592970744662 0.23887070460270768 0.15416270830507176 0.22774245874623997 0.14760246354806636 
127.00000614147406 127.0 0.0 103.47657713928795 47.15216969850598 0.2395048503042074 0.15373318658806434 0.2277528626284023 0.1473888068384825 
128.00000614147402 128.0 0.0 104.2779512804505 47.5428182778443 0.23970551508315274 0.1533178610105092 0.22858259861864774 0.14625604775635784 
129.00000614147413 129.0 0.0 105.09056839475298 47.95144593481223 0.23919046978585212 0.1530369093706324 0.22926635075373444 0.14484933077419934 
130.00000614147424 130.0 0.0 105.92692067457847 48.356349439079054 0.23873079535940792 0.152651070317751 0.23048552228582148 0.1436677227114298 
131.00000614147436 131.0 0.0 106.79200499687711 48.78095003215885 0.23759938495746677 0.15268167004854946 0.22968034507957705 0.1442473960225028 
132.00000614147447 132.0 0.0 107.66458463460371 49.184835581893886 0.23626881109050982 0.15372592035656854 0.22995244561848774 0.14515099197982057 
133.00000614147459 133.0 0.0 108.56402248594668 49.53969171088483 0.23594533086119074 0.1544515393040999 0.23020915898557154 0.14609112837071783 
134.0000061414747 134.0 0.0 109.47532792004999 49.86510099416246 0.23629163703691217 0.15466558053517607 0.23019986022608566 0.1465172025256112 
135.0000061414748 135.0 0.0 110.37101811367964 50.196312210413396 0.2368999482082092 0.1546041712181187 0.230042137090141 0.14702339644015194 
136.00000614147493 136.0 0.0 111.26171143035523 50.546830655533576 0.2376638941675198 0.15428242852594984 0.22991045577552482 0.1465012097899694 
137.00000614147504 137.0 0.0 112.12054965646426 50.92407175096737 0.23851362590814942 0.15379872806668057 0.22949856608950922 0.14603521586097615 
138.00000614147515 138.0 0.0 112.94753279200462 51.31791593071155 0.23936153464989 0.1531446482822099 0.22909550289866923 0.14495548038925177 
139.00000614147527 139.0 0.0 113.75515302935658 51.71266781449394 0.23975063296049376 0.152472392307719 0.2280246105467167 0.14390908819699103 
140.00000614147538 140.0 0.0 114.54653341661455 52.11846351858226 0.23965881560812624 0.1520434629829139 0.2274378964937839 0.14362219609702678 
141.0000061414755 141.0 0.0 115.35040599625334 52.54109357348375 0.23925565409838187 0.15174265737443188 0.2273253325454632 0.14276813832360627 
142.0000061414756 142.0 0.0 116.18738288569637 52.94569024678932 0.23837226861580577 0.15179565238814996 0.22779926473480303 0.14157248628951785 
143.00000614147572 143.0 0.0 117.03810118675882 53.34107631452769 0.23722887997840816 0.15200636282730795 0.22717535444406622 0.14110388128312587 
144.00000614147584 144.0 0.0 117.8969394128679 53.72371447393542 0.23610414769140992 0.15227690436023303 0.22595996444634414 0.1410366695158715 
145.00000614147595 145.0 0.0 118.79262960649602 54.04402807566569 0.23534573407918294 0.15214439254165898 0.2247829917314907 0.14090494450290228 
146.00000614147606 146.0 0.0 119.7039350405996 54.36965873311889 0.2345514311437411 0.151750492966334 0.2230047898796408 0.14006210712858352 
147.00000614147618 147.0 0.0 120.60024984384812 54.716497511605475 0.23340183747692939 0.1513945237560923 0.2213828418801307 0.13925418197349293 
148.0000061414763 148.0 0.0 121.47470331043121 55.06360654667946 0.2328140341865562 0.15028941049142303 0.2198919424306562 0.13838285607489506 
149.0000061414764 149.0 0.0 122.31230480949455 55.42447478097595 0.23222442185813538 0.14884324571673885 0.21911725831160198 0.13764179369557997 
150.00000614147652 150.0 0.0 123.13054341036846 55.774163577475726 0.23165642092266178 0.1473595229366562 0.21805146733839056 0.13776494701938508 
151.00000614147663 151.0 0.0 123.93066833229142 56.15852174973606 0.2310315806215039 0.14627002972727937 0.21695272514913286 0.1375442222303873 
152.00000614147675 152.0 0.0 124.7239225484065 56.564332698300284 0.23009823751467773 0.14571388526134285 0.2158296080539245 0.13747251286888332 
153.00000614147686 153.0 0.0 125.5240474703307 56.96625823772992 0.2294658946096559 0.14522679437144986 0.2156874921555433 0.13641442735270687 
154.00000614147697 154.0 0.0 126.33229231730168 57.348568097246456 0.22849003869123824 0.14535751447606016 0.2145343565987175 0.13594531326180484 
155.0000061414771 155.0 0.0 127.15552779512892 57.70731254344534 0.22734953113910722 0.14597994905595385 0.2134767639492321 0.13641635044033737 
156.0000061414772 156.0 0.0 128.0043722673321 58.061276733045744 0.22668267567358602 0.1460283919098356 0.21336555665135218 0.1355195038785295 
157.00000614147731 157.0 0.0 128.89319175515337 58.35905422356363 0.22613146882075988 0.14622263448596612 0.21349137007974178 0.13543926311948434 
158.00000614147743 158.0 0.0 129.77076826983165 58.67690597647331 0.22648100901274593 0.1460794842034569 0.21326240514549819 0.135807417958981 
159.00000614147754 159.0 0.0 130.6489693941292 59.01420761562119 0.2266003294754044 0.1461195599764138 0.21354523322840535 0.13519156346972883 
160.00000614147766 160.0 0.0 131.51530293566447 59.36116088760224 0.2266746093357587 0.146376671290955 0.21360540502630967 0.13544738583293767 
161.00000614147777 161.0 0.0 132.39537788881984 59.72603455464629 0.22669762941904265 0.1469209103208688 0.21326489388944414 0.1352637792542024 
162.00000614147788 162.0 0.0 133.25046845721437 60.118698017695856 0.22684336135893493 0.14731902986399956 0.2126152342918888 0.13551684968239547 
163.000006141478 163.0 0.0 134.06246096189983 60.519974770235144 0.22723250575806841 0.14753768011283352 0.21247703814558508 0.135447545939741 
164.0000061414781 164.0 0.0 134.85633978763232 60.923902114395254 0.2274368500572308 0.14784677732519239 0.21184407016470402 0.13568953398139225 
165.00000614147822 165.0 0.0 135.67020612117406 61.33327944941518 0.22685763240876347 0.1483198802146067 0.21204023969987043 0.13572190335849174 
166.00000614147834 166.0 0.0 136.5265459088076 61.74716148232504 0.22612562270784825 0.14886703579738247 0.21185430073575257 0.13527263843429385 
167.00000614147845 167.0 0.0 137.40724547158115 62.142982688879485 0.2250349304262846 0.1491807876716694 0.21147930423556582 0.13578666054881094 
168.00000614147856 168.0 0.0 138.3173016864462 62.49203354600127 0.2227268541249864 0.14925820977621623 0.21029109941144492 0.13595832241867495 
169.00000614147868 169.0 0.0 139.24422236102373 62.81618774774951 0.22050239708409697 0.14865800688689956 0.20890391514632525 0.13496764977975587 
170.0000061414788 170.0 0.0 140.16114928169998 63.14819090582379 0.2184771939740859 0.1479085533841641 0.2077585659791961 0.13391137805067274 
171.0000061414789 171.0 0.0 141.08744534665806 63.49569748047629 0.21653439233867997 0.14636137139509017 0.2076210575471149 0.13295555149060706 
172.00000614147902 172.0 0.0 141.98126171143088 63.865480884881016 0.2159191252646546 0.14540097794674414 0.20775434475760682 0.13365080280998912 
173.00000614147913 173.0 0.0 142.84572142410877 64.25247511376456 0.21617457924712888 0.1451122756347546 0.2080340583749911 0.13458572755770995 
174.00000614147925 174.0 0.0 143.67645221736478 64.63990834929574 0.21671343573607052 0.14549808816347864 0.20774862094959412 0.1355512752549803 
175.00000614147936 175.0 0.0 144.48344784509754 65.02006330437607 0.21731792426736785 0.1458397189946644 0.20797396508639446 0.13653126298001528 
176.00000614147947 176.0 0.0 145.26420986883315 65.42560297403404 0.21816378704374048 0.1459454085318653 0.20824502588409868 0.1368957348702413 
177.0000061414796 177.0 0.0 146.05808869456538 65.81492800721296 0.21913910379790996 0.14562144837361904 0.2090295474116001 0.1366949145677448 
178.0000061414797 178.0 0.0 146.84946908182334 66.18078800740015 0.22010658088874738 0.14508205357198894 0.20907466768574173 0.13688266195798243 
179.00000614147982 179.0 0.0 147.6658338538422 66.53046398601832 0.22093305293102602 0.14421371243493644 0.21008716085786952 0.1364294332386719 
180.00000614147993 180.0 0.0 148.5377888819483 66.83283233080742 0.2215105841855931 0.14365109654806082 0.21104057821954886 0.13640080528046628 
181.00000614148004 181.0 0.0 149.45034353529135 67.15166743234542 0.22176057384424064 0.14369561857449986 0.2117970053848282 0.1365700368881145 
182.00000614148016 182.0 0.0 150.3454091193011 67.50227768729852 0.2214984604851155 0.1439023015389919 0.2128278175593598 0.13715734294947354 
183.00000614148027 183.0 0.0 151.25296689568984 67.84174852371206 0.2210104748730698 0.14457410781750885 0.2127592670517081 0.13860689263861067 
184.00000614148038 184.0 0.0 152.1524047470339 68.20458568363337 0.2199787791527136 0.1460805118036241 0.21281678313538863 0.13984861825676373 
185.0000061414805 185.0 0.0 153.0299812617122 68.5857791423422 0.2184685258133795 0.14790959452437943 0.2126917083281808 0.1405666928843563 
186.0000061414806 186.0 0.0 153.88757026858113 68.99402946382554 0.217890752189842 0.1490348527588995 0.21246758613256866 0.14035414506321536 
187.00000614148072 187.0 0.0 154.69706433479126 69.41186892474838 0.21770242203445603 0.1490448978219634 0.2116729139663195 0.14005751930000415 
188.00000614148084 188.0 0.0 155.46970643348013 69.81227856169907 0.21720011458267732 0.14860209906643773 0.21106236489866395 0.1386618715598023 
189.00000614148095 189.0 0.0 156.24172392254934 70.17458341897277 0.21628160428170923 0.1470644683093218 0.2103717528843757 0.13746247405473336 
190.00000614148107 190.0 0.0 157.0031230480941 70.49397573722523 0.2155358027352782 0.1447396942642775 0.20986713218885739 0.13643835085931513 
191.00000614148118 191.0 0.0 157.77826358526008 70.78697922099099 0.21522027500544907 0.14219749905537052 0.20950905965516473 0.13493063386814844 
192.0000061414813 192.0 0.0 158.59212991880187 71.03040132945264 0.21537257613139818 0.13996644754335208 0.20900230979055037 0.13416726579093316 
193.0000061414814 193.0 0.0 159.4091193004377 71.30386133854466 0.21557937870235672 0.13830621320020645 0.20928444611311414 0.13340542001203906 
194.00000614148152 194.0 0.0 160.24359775140584 71.58153129856942 0.21583600563743566 0.13785024976024904 0.2098571184356037 0.13242203180401374 
195.00000614148163 195.0 0.0 161.09743910056073 71.87198167358204 0.21617729024468602 0.13820457756760057 0.21066425343195813 0.13189017332976916 
196.00000614148175 196.0 0.0 161.9818863210508 72.22914264124668 0.21652002747154697 0.13926058724149057 0.21034943271484047 0.13257991208639294 
197.00000614148186 197.0 0.0 162.85196752030043 72.63902152210558 0.2161793283273509 0.14085719180498105 0.20909179895708044 0.13384960449723193 
198.00000614148198 198.0 0.0 163.69831355402889 73.06010918007259 0.21598711517747687 0.14231040206188125 0.2088832252888969 0.13446130520450802 
199.0000061414821 199.0 0.0 164.51780137414187 73.47649174506785 0.21613610376245967 0.1432243232080453 0.20860764378383165 0.13487596604761096 
200.0000061414822 200.0 0.0 165.3185509056827 73.85640433908785 0.21621298764577038 0.14385535781785108 0.20874997642427093 0.13510813637369115 
201.00000614148232 201.0 0.0 166.11555277951294 74.21325531338655 0.21584272112942543 0.14448437334890743 0.20841126746101427 0.135079311048942 
202.00000614148243 202.0 0.0 166.89381636477307 74.53715494965434 0.21628206023730295 0.14415953012592914 0.20817070721148093 0.1352935363063864 
203.00000614148254 203.0 0.0 167.69519050593482 74.8235560041377 0.21693803014835686 0.14366362486124493 0.2081428175949274 0.13558974495107284 
204.00000614148266 204.0 0.0 168.51405371642792 75.0899124957514 0.21786958129104333 0.1428246893574885 0.2081207046579624 0.13547360531750424 
205.00000614148277 205.0 0.0 169.35165521549007 75.37369823964474 0.21805418707295446 0.14255463654395106 0.20854920371371327 0.13477888624384612 
206.00000614148288 206.0 0.0 170.20924422236203 75.67660182969922 0.21776515509541966 0.14260570558682623 0.20881876648896405 0.13383865391907385 
207.000006141483 207.0 0.0 171.0724547158028 76.02678637844113 0.21750808526602897 0.14264957000087122 0.2088858568177212 0.13281490902654314 
208.0000061414831 208.0 0.0 171.95315427857506 76.41450077771111 0.21681136535635057 0.1431458786913949 0.20745874728100003 0.13320403363164954 
209.00000614148323 209.0 0.0 172.8238600874446 76.8171218241115 0.21561115005978115 0.14358188847394737 0.20537761939698124 0.13371588305150703 
210.00000614148334 210.0 0.0 173.67832604622234 77.2331508239572 0.21402233874793541 0.14411234954123212 0.20382430414104982 0.13385981586166862 
211.00000614148345 211.0 0.0 174.5171767645219 77.67166382294346 0.21253750807263894 0.14393004429582865 0.20299451048353812 0.13307599891605762 
212.00000614148357 212.0 0.0 175.34978138663257 78.06582207672331 0.21068228644774617 0.14333266025419106 0.20345459258286766 0.13140587944843976 
213.00000614148368 213.0 0.0 176.15865084322309 78.42789563783177 0.20986878794824032 0.14189966448705765 0.2026573273475627 0.13092150279398032 
214.0000061414838 214.0 0.0 176.96002498438384 78.75880681548797 0.2096533007470229 0.14038872040795689 0.20245099887288298 0.1307365111286334 
215.0000061414839 215.0 0.0 177.79387882573525 79.02775612092125 0.20914199732575864 0.13938241857210892 0.20171905484762112 0.13104909787379052 
216.00000614148402 216.0 0.0 178.64772017488988 79.29201297332288 0.20880127475890423 0.13857029061190929 0.20097814472916128 0.13103161433806634 
217.00000614148414 217.0 0.0 179.48844472204942 79.57712468192187 0.20879725440010374 0.13805214612579245 0.200975226336503 0.13027000282561932 
218.00000614148425 218.0 0.0 180.3341661461577 79.87902658517358 0.20876594026868356 0.13785422294927338 0.19952274802590653 0.1299861458647005 
219.00000614148436 219.0 0.0 181.1848844472217 80.208241760914 0.20886985551773737 0.13741649819394344 0.19895409614712925 0.12893424284614594 
220.00000614148448 220.0 0.0 182.01936289818983 80.5623997274399 0.20801831697205744 0.13712216531097615 0.19697620001191035 0.12932376657401382 
221.0000061414846 221.0 0.0 182.83572767020553 80.9493275002064 0.206575486129114 0.1372529711753424 0.1951569296022987 0.12847755851354778 
222.0000061414847 222.0 0.0 183.60961898813116 81.34743009104385 0.20606722374179162 0.13681393674954742 0.19337337609623753 0.12690281698735162 
223.00000614148482 223.0 0.0 184.35040599625356 81.72516603774841 0.20533669419800735 0.13617708760952238 0.19176788710080492 0.12369742779815295 
224.00000614148493 224.0 0.0 185.1018113678954 82.06212739727691 0.20401451821084174 0.1350195814840118 0.19098018424630173 0.12100416674689328 
225.00000614148504 225.0 0.0 185.88319800124967 82.37303547743265 0.20251406473365427 0.13248270758273725 0.1900187927946877 0.11941371095336012 
226.00000614148516 226.0 0.0 186.71642723297782 82.67582498062741 0.2007252508961174 0.13053104283015557 0.1893985651354041 0.11747848416758509 
227.00000614148527 227.0 0.0 187.58650843223074 82.92400989981063 0.1988274071217197 0.12899115893468652 0.18797401209926237 0.11627940327306574 
228.0000061414854 228.0 0.0 188.44784509681315 83.1824797323088 0.1972466543848623 0.12772013206291952 0.1871168320338502 0.1156332456471397 
229.0000061414855 229.0 0.0 189.29606495939973 83.4589182817257 0.19608259988549476 0.12676937807219668 0.1863600712550527 0.11525670836860344 
230.0000061414856 230.0 0.0 190.16489693941176 83.76675379889718 0.195593133545743 0.12561722572506048 0.18569654852944964 0.11542179260781527 
231.00000614148573 231.0 0.0 191.05309181761294 84.12506495983952 0.1942637791225184 0.12542758627910286 0.18508144761047504 0.11585763833467204 
232.00000614148584 232.0 0.0 191.8956901936272 84.52164508375337 0.19351542812029826 0.125518601992033 0.1840854251058405 0.11700644281929859 
233.00000614148595 233.0 0.0 192.70893191755246 84.93222431104113 0.19273774431123797 0.1258563550395053 0.1840423961321388 0.11754668224859771 
234.00000614148607 234.0 0.0 193.48407245471452 85.33670753201521 0.19178400420367003 0.1266589892774158 0.18366332766016852 0.11823822111467641 
235.00000614148618 235.0 0.0 194.2723297938785 85.71876714075634 0.1909811183731848 0.1273979931502116 0.1842173793341174 0.1183509254123144 
236.0000061414863 236.0 0.0 195.08494690818299 86.08339142664394 0.1907446163684163 0.12740050721600146 0.18362702406101808 0.1188582326608648 
237.0000061414864 237.0 0.0 195.8981886321046 86.40623677123608 0.19049541818405713 0.12728017815705317 0.18307031954804412 0.1190974207073549 
238.00000614148652 238.0 0.0 196.72891942535796 86.68210005182188 0.18962359416240607 0.1272365454841404 0.182890866347656 0.11947925390449303 
239.00000614148664 239.0 0.0 197.56214865708964 86.9244573832955 0.18948158347109978 0.1263760709022751 0.18253699901529188 0.11906209968917163 
240.00000614148675 240.0 0.0 198.38850718301163 87.19028167079537 0.18970827158586018 0.12506526825567485 0.1827945685334647 0.11831208188417923 
241.00000614148686 241.0 0.0 199.21923797626562 87.47901908268638 0.1903169609033353 0.12371501870441493 0.18368031767624068 0.11680511813051163 
242.00000614148698 242.0 0.0 200.06495940037382 87.8040191428548 0.19071837444367407 0.12273472048070846 0.18440057028610105 0.11632560605904405 
243.0000061414871 243.0 0.0 200.9319175515285 88.18044560379101 0.19104804078278248 0.12233712956045646 0.1859627813853744 0.11604667575640665 
244.0000061414872 244.0 0.0 201.78638351030668 88.57599471343973 0.191843679675282 0.12203768946288736 0.18656509614791153 0.11673040988529958 
245.00000614148732 245.0 0.0 202.61773891318003 88.98944479619091 0.19213163247760873 0.1222612534632525 0.1873631181539218 0.11829540689480124 
246.00000614148743 246.0 0.0 203.44784509681313 89.42663856153833 0.19252768617111377 0.12278928933875913 0.18820987966473784 0.11995867154368176 
247.00000614148755 247.0 0.0 204.28919425359086 89.82147259655025 0.19248786483710437 0.12402670369263759 0.18946062429613666 0.1211880550724078 
248.00000614148766 248.0 0.0 205.13304184884532 90.18551249399113 0.19217467193404836 0.1255068518957596 0.1890803544509169 0.12300468245220991 
249.00000614148777 249.0 0.0 205.97001873828734 90.49955994678716 0.19168591393809592 0.12693390101351013 0.18948278763873233 0.12386645592516601 
250.0000061414879 250.0 0.0 206.82573391630186 90.72713341306255 0.19107680810157993 0.12760402604804427 0.18921671772433685 0.1246768917484517 
#####################################################################
# End of data export. Simulation finished at: 2020-02-27T09:00+0000 #
#####################################################################
