#####################################################################
# Alchemist log file - simulation started at: 2020-02-27T01:57+0000 #
#####################################################################
# seed = 15.0, reactivity = 1, speed = 1
#
# The columns have the following meaning: 
# time classicrc[Mean] classicrc[StandardDeviation] reactiverc[Mean] reactiverc[StandardDeviation] errorclassic[Mean] errorclassic[StandardDeviation] errorreactive[Mean] errorreactive[StandardDeviation] 
0.0 NaN NaN NaN NaN NaN NaN NaN NaN 
1.0000073697722947 1.0 0.0 NaN NaN NaN NaN NaN NaN 
2.0000073697722955 2.0 0.0 1.0 0.0 NaN NaN NaN NaN 
3.0000073697722964 3.0 0.0 1.8757026858213617 0.3300235166606062 NaN NaN NaN NaN 
4.000007369772297 4.0 0.0 1.9506558400999368 0.42212395348396736 NaN NaN NaN NaN 
5.000007369772294 5.0 0.0 2.1105559025608986 0.6526061241508616 NaN NaN NaN NaN 
6.00000736977229 6.0 0.0 2.387257963772644 0.9453504847611224 NaN NaN NaN NaN 
7.000007369772287 7.0 0.0 2.8232354778263584 1.2522418996106814 NaN NaN NaN NaN 
8.000007369772284 8.0 0.0 3.3660212367270432 1.5316477147336225 NaN NaN NaN NaN 
9.00000736977228 9.0 0.0 4.001249219237976 1.777286819417722 NaN NaN NaN NaN 
10.000007369772277 10.0 0.0 4.719550281074327 1.953374976195421 NaN NaN NaN NaN 
11.000007369772273 11.0 0.0 5.486570893191756 2.055170502994155 0.3957089482306951 0.374332037366244 NaN NaN 
12.00000736977227 12.0 0.0 6.275452841973771 2.079592101935132 0.33940683345370637 0.2775590289237094 NaN NaN 
13.000007369772266 13.0 0.0 7.053091817613978 2.1125350878007314 0.3055882477772105 0.22050428682597484 0.3733684849364711 0.3248999887822634 
14.000007369772263 14.0 0.0 7.81511555277952 2.1907867028225803 0.28485228555787906 0.1861777445984798 0.3264898674699716 0.24707216821406688 
15.00000736977226 15.0 0.0 8.564022485946259 2.3094490272560906 0.27280848771458793 0.16858151674210006 0.30019402037016923 0.20450348163467277 
16.000007369772256 16.0 0.0 9.312304809494044 2.459909499764799 0.26601065294257936 0.1594166832311254 0.28484080196349737 0.18036085965380144 
17.00000736977227 17.0 0.0 10.063085571517789 2.6323264849364634 0.26151531037966347 0.15392020775176496 0.2756329831175747 0.16638016475666823 
18.000007369772284 18.0 0.0 10.820737039350384 2.812200154049053 0.25893824333819554 0.15085115954295344 0.2707009006868044 0.1592483575207806 
19.000007369772298 19.0 0.0 11.57713928794502 2.9988251134755726 0.25768876795786844 0.1492216511671782 0.26736969591078524 0.15539538320367066 
20.000007369772312 20.0 0.0 12.322923173016907 3.2083921907583135 0.25735246836708403 0.1487541876621816 0.2658289136402818 0.15415186330160036 
21.000007369772327 21.0 0.0 13.046221111805101 3.440619460733634 0.257600745213722 0.14885229196001992 0.2661638555036256 0.15360736745554235 
22.00000736977234 22.0 0.0 13.755777638975657 3.6889623419770174 0.2579144716248497 0.14896180030473982 0.2661209666035964 0.15389347729894903 
23.000007369772355 23.0 0.0 14.432229856339822 3.9702721049234198 0.25829356754125193 0.14914510856090285 0.26623490699607955 0.1542123684251742 
24.00000736977237 24.0 0.0 15.069331667707717 4.291802082523471 0.2587284756183385 0.1493763477802675 0.2665882814931066 0.15467264114406 
25.000007369772383 25.0 0.0 15.684572142410943 4.642447423767804 0.2591652987168296 0.14974332106182464 0.26722613507610504 0.15495283701904186 
26.000007369772398 26.0 0.0 16.314178638350963 4.9803970816159415 0.2595720804471195 0.15016268103481994 0.26813243098407097 0.15500361630605436 
27.000007369772412 27.0 0.0 16.951905059337864 5.320672930276833 0.259830592199909 0.15068054869250788 0.26864307358748457 0.15527809285330255 
28.000007369772426 28.0 0.0 17.613991255465283 5.649416263865113 0.25962101212715444 0.15143828719644306 0.2688784540973958 0.15602069507124794 
29.00000736977244 29.0 0.0 18.302935665209304 5.960394083152837 0.25919850664649513 0.15206752677117025 0.2692791999375288 0.15642763988065686 
30.000007369772455 30.0 0.0 19.010618363522738 6.252740373619204 0.2586706643927208 0.15248889738823573 0.26950658603096217 0.157063215980016 
31.00000736977247 31.0 0.0 19.729544034978197 6.534040316256548 0.25790713454913733 0.15266294093401422 0.26900692110463986 0.15783900115846525 
32.00000736977248 32.0 0.0 20.46720799500305 6.805720407299731 0.25711851062908914 0.15263707668566115 0.2682341582939207 0.1585350994993148 
33.0000073697725 33.0 0.0 21.19487820112442 7.0853368833655725 0.25640402972358894 0.15246076127306207 0.26790477196461393 0.15847252806155582 
34.00000736977251 34.0 0.0 21.91630231105554 7.366935612488473 0.255663874026325 0.15204577068593916 0.26692874380052745 0.15859598744040193 
35.000007369772526 35.0 0.0 22.607120549656496 7.676908509685634 0.2550119455417956 0.15150172181210203 0.26586437687608283 0.15854464603456275 
36.00000736977254 36.0 0.0 23.264834478450876 8.020275485493638 0.25463916680196763 0.15097905715786958 0.2651171075640428 0.15831016657995708 
37.000007369772554 37.0 0.0 23.895065584010073 8.39420823462941 0.25436199990158814 0.1505442914311604 0.26446758153148453 0.15776084571158008 
38.00000736977257 38.0 0.0 24.53091817614006 8.758949692681417 0.25422910849104424 0.150302012504112 0.26437748310865994 0.15693903370052714 
39.00000736977258 39.0 0.0 25.17239225484065 9.121623338860383 0.2541359644687997 0.15014008630236197 0.2641466510611479 0.1562437044006612 
40.0000073697726 40.0 0.0 25.843222985633826 9.459044909813569 0.2540295624120383 0.1499641414162239 0.26368488576025534 0.15577039269126433 
41.00000736977261 41.0 0.0 26.539662710805775 9.775662746646123 0.2539831995879621 0.1498938897827484 0.2635932323934462 0.15545790901266768 
42.000007369772625 42.0 0.0 27.25234228607113 10.076645452369897 0.25390152084249923 0.1498175981522146 0.2636926668925397 0.15526181944616593 
43.00000736977264 43.0 0.0 27.973141786383636 10.370205069597644 0.25383600615938673 0.14986094387659613 0.26339663046897194 0.15549398505522252 
44.00000736977265 44.0 0.0 28.71018113678967 10.6535065837342 0.25371936436113834 0.15010530519214807 0.26309445890928546 0.15586624878861002 
45.00000736977267 45.0 0.0 29.432854465958965 10.949287415600677 0.25360736081974244 0.150373594396391 0.26329445888615094 0.155781089416306 
46.00000736977268 46.0 0.0 30.152404747033156 11.244298923280088 0.2534072280670724 0.15062893339432856 0.2628116643027553 0.15630445556740324 
47.000007369772696 47.0 0.0 30.844472204872105 11.56428428338234 0.2531719892477618 0.15079153438537815 0.2621804025417145 0.15659477026114066 
48.00000736977271 48.0 0.0 31.49718925671462 11.923145488703229 0.2528151049507036 0.15084335204165913 0.2614620020133272 0.15676305026532922 
49.000007369772725 49.0 0.0 32.123672704559546 12.309892180795543 0.25244219792863015 0.1508009293497251 0.260834996395713 0.15647151161622616 
50.00000736977274 50.0 0.0 32.7595252966897 12.68390755148097 0.2520947914282326 0.15068059837107037 0.26046955675345707 0.1556389207172545 
51.00000736977275 51.0 0.0 33.41099312929402 13.04184530944829 0.2517333239584145 0.1504914533854003 0.25992531605190783 0.15490851390834842 
52.00000736977277 52.0 0.0 34.09306683322911 13.3729936121706 0.2514760913071145 0.15031684850208718 0.2592740648410607 0.15454310717671382 
53.00000736977278 53.0 0.0 34.79575265459101 13.689690717791287 0.25128674309421095 0.15015827537445067 0.2588901610479401 0.15406332313355475 
54.000007369772796 54.0 0.0 35.513429106808395 13.991425080969242 0.2511226053082803 0.15004838484061925 0.2589204745745106 0.1537460764083889 
55.00000736977281 55.0 0.0 36.23922548407246 14.285949754907858 0.25097244810866487 0.14994740963365613 0.25848422726343445 0.15375607751721954 
56.000007369772824 56.0 0.0 36.976264834478364 14.575044984143934 0.2508712107189495 0.14985737181505995 0.2579801613895369 0.15385322005004387 
57.00000736977284 57.0 0.0 37.69643972517178 14.879021929096107 0.25079308569944236 0.14977471394840397 0.2581494145850139 0.15353552651978444 
58.00000736977285 58.0 0.0 38.41224234853231 15.182060137913771 0.2507271792984225 0.14965420332093823 0.2580100282622387 0.15371093695637686 
59.00000736977287 59.0 0.0 39.10618363522812 15.505683409277909 0.25066233238559305 0.14951447815595703 0.25763631311253893 0.15376728644444634 
60.00000736977288 60.0 0.0 39.768269831355546 15.86105742273016 0.2506022356675374 0.14935203765916155 0.2571700104417885 0.15378343540153774 
61.000007369772895 61.0 0.0 40.401623985009095 16.24709119691968 0.25054724420096197 0.1491854572825932 0.25712530954340984 0.15358443828384916 
62.00000736977291 62.0 0.0 41.04871955028113 16.614154354703754 0.25046664342619296 0.14904346565503404 0.25729528266224017 0.1531594709140118 
63.00000736977292 63.0 0.0 41.71267957526569 16.9635239669678 0.25035508560106845 0.14889148129879515 0.25718822714450434 0.1528431342263373 
64.00000736977293 64.0 0.0 42.40287320424717 17.291203449717997 0.2502155808468329 0.14872839139472596 0.25691763348961943 0.15293833122335063 
65.00000736977287 65.0 0.0 43.11367895065576 17.603432023879876 0.250038916462733 0.14856880153760257 0.256753573299385 0.15273011177097381 
66.00000736977282 66.0 0.0 43.83947532791979 17.90076369109847 0.2498243607810266 0.1483907023607652 0.2567832702233227 0.15251139272086914 
67.00000736977276 67.0 0.0 44.5696439725169 18.195337395488636 0.2496390011729349 0.14818932878933966 0.25619729326870194 0.15249713516504354 
68.0000073697727 68.0 0.0 45.30918176139928 18.485094587060296 0.24946968324564578 0.14798489258514977 0.25551372448847715 0.15251028153863874 
69.00000736977265 69.0 0.0 46.03123048094973 18.79053016940896 0.24933660051457443 0.14775270968827556 0.25550177405444635 0.15188690025036145 
70.00000736977259 70.0 0.0 46.7557776389759 19.08771707566222 0.24922524125362464 0.14749247332196003 0.25486032397637476 0.15164322090117058 
71.00000736977253 71.0 0.0 47.45284197376612 19.411830953844575 0.24911305094513606 0.147174864577269 0.25416267502964307 0.15109442336919682 
72.00000736977248 72.0 0.0 48.11430356027506 19.77233045268798 0.24902912893823975 0.14682627479685798 0.253490045931574 0.1503643368806183 
73.00000736977242 73.0 0.0 48.748906933167156 20.160869596001028 0.24898565374156922 0.14647949217085976 0.25323002052770505 0.14949289508564384 
74.00000736977236 74.0 0.0 49.39662710805769 20.532491656311183 0.24897858129499975 0.1461732386387091 0.2533013116544217 0.14836889578728843 
75.0000073697723 75.0 0.0 50.05871330418517 20.889687661460616 0.2489997699838896 0.14585580921008817 0.2532254702487077 0.14761716386901025 
76.00000736977225 76.0 0.0 50.74078700811969 21.232072240604072 0.2490614163292477 0.14554620755554432 0.25312717809137036 0.1474211641165215 
77.00000736977219 77.0 0.0 51.449718925671675 21.55049596838654 0.249138954092484 0.14526744995393365 0.2532710735190609 0.14693739006413178 
78.00000736977213 78.0 0.0 52.176764522173784 21.849584887936388 0.2492485872661076 0.14502969870398486 0.2536283271672795 0.1465173391981259 
79.00000736977208 79.0 0.0 52.90880699562811 22.1451840958334 0.2493429933696011 0.1448297166043082 0.2535176409703416 0.14645349814661796 
80.00000736977202 80.0 0.0 53.65209244222356 22.433084043025563 0.2493723670976543 0.14473642691013072 0.2532448139682505 0.1465602753142586 
81.00000736977196 81.0 0.0 54.382885696439935 22.731754923840487 0.24945855040188167 0.1445974802301883 0.25355825898319995 0.14613442831627949 
82.00000736977191 82.0 0.0 55.10805746408488 23.031531457692722 0.2494888666291041 0.14446693626838852 0.25340352712915 0.1462200518014663 
83.00000736977185 83.0 0.0 55.80699562773299 23.357351113313545 0.24939965370438363 0.14432056551121156 0.25304342450713563 0.14614403818257646 
84.0000073697718 84.0 0.0 56.47282948157419 23.71685935261092 0.24921682591687033 0.14416559811874488 0.25264859017238617 0.14606578678064072 
85.00000736977174 85.0 0.0 57.12054965646443 24.094446117263033 0.24895086351691706 0.14400868700447933 0.25249057473460984 0.14574143354614594 
86.00000736977168 86.0 0.0 57.7888819487823 24.445841186420246 0.24861521649596657 0.14382395438854392 0.2524112792380691 0.1451921919984516 
87.00000736977162 87.0 0.0 58.46096189881336 24.79646913018407 0.24821355326931202 0.1435882503047082 0.25204326315260694 0.14472781984004296 
88.00000736977157 88.0 0.0 59.15302935665182 25.130677316374896 0.2477855182917805 0.14330919343220322 0.25151106434258697 0.14465798588586412 
89.00000736977151 89.0 0.0 59.86445971267912 25.449430098698365 0.2473587008213739 0.14302742172025693 0.2511894361690697 0.14427628359196082 
90.00000736977145 90.0 0.0 60.587757651467456 25.752159133385916 0.24694011487952805 0.142770757501238 0.25102327481965514 0.14397093785740236 
91.0000073697714 91.0 0.0 61.321049344160045 26.04528484962656 0.24651896188011058 0.14252907785278504 0.2504612903880347 0.14390286258754859 
92.00000736977134 92.0 0.0 62.0687070580887 26.326773945734 0.24592711062925485 0.14255264395781397 0.24979578761279428 0.14395484462339916 
93.00000736977128 93.0 0.0 62.803872579638096 26.61987528133353 0.2454022421618342 0.14244822229403994 0.24950117544106593 0.1436418652292934 
94.00000736977123 94.0 0.0 63.53591505309171 26.915448455353307 0.24479244852466223 0.14238005890885325 0.24881713506599556 0.14372555721835464 
95.00000736977117 95.0 0.0 64.23797626483464 27.241585065886593 0.244145595761675 0.14234235457275357 0.2480960984465669 0.14363586271830542 
96.00000736977111 96.0 0.0 64.91005621486558 27.596682863332394 0.2436223202487749 0.14224250810549907 0.2473190290106046 0.14363730833497187 
97.00000736977105 97.0 0.0 65.56464709556525 27.969196884984083 0.24313551812781461 0.14203941276133905 0.24695167899654197 0.1434245748042525 
98.000007369771 98.0 0.0 66.23735165521562 28.319249265859494 0.24259534689622358 0.14183993295757513 0.24689008147762515 0.1429023610161211 
99.00000736977094 99.0 0.0 66.91692692067433 28.664982462061264 0.24217728675085481 0.1415780553586058 0.24659631363297724 0.14244404903195715 
100.00000736977088 100.0 0.0 67.61711430355999 28.995175148937275 0.24173086217537 0.1412852671282385 0.24613840787552965 0.14242493760089314 
101.00000736977083 101.0 0.0 68.33728919425356 29.307634071977652 0.24139509416399604 0.14097558021617979 0.24599832670249433 0.14209422526472376 
102.00000736977077 102.0 0.0 69.07120549656439 29.605129228030183 0.24112047338578899 0.14066332715567528 0.24562931492715426 0.14204821925353409 
103.00000736977071 103.0 0.0 69.806995627733 29.9029405080941 0.24084507993250578 0.14035444299110647 0.24517409764655906 0.14198711053666757 
104.00000736977066 104.0 0.0 70.55402873204227 30.192523665995232 0.24056287558379622 0.14007513689952955 0.24472104967232483 0.14197076384373597 
105.0000073697706 105.0 0.0 71.28856964397251 30.493530879766798 0.24031810011757973 0.1399012128860637 0.24474382750496929 0.1416573198536957 
106.00000736977054 106.0 0.0 72.02498438475946 30.786715891604636 0.24008126323925255 0.1398388923830756 0.24428285043783565 0.14181767884476207 
107.00000736977049 107.0 0.0 72.73703935040588 31.103037367419162 0.2398546926094944 0.13987983462053008 0.24347147636357097 0.14188886592678315 
108.00000736977043 108.0 0.0 73.41536539662671 31.45402182165318 0.2394873105589567 0.14001270501825733 0.2427452464705339 0.14196766578833708 
109.00000736977037 109.0 0.0 74.07058088694528 31.828044084185635 0.23898529964017917 0.1402062002214108 0.24231099705560957 0.14195640827096304 
110.00000736977032 110.0 0.0 74.7364147407876 32.18901954685614 0.23840276474694255 0.14037107338485952 0.24207717588090738 0.14167577035906231 
111.00000736977026 111.0 0.0 75.41599000624558 32.53689204825644 0.2377635922098684 0.1404549493514406 0.24159773660268857 0.14142137108604516 
112.0000073697702 112.0 0.0 76.11867582760743 32.86547819894728 0.23709760741500274 0.1404712904423014 0.24091202472415332 0.14158166759261803 
113.00000736977015 113.0 0.0 76.8413491567769 33.17617464655367 0.2362797638666977 0.14041986304281423 0.24050589034269107 0.1414202187067477 
114.00000736977009 114.0 0.0 77.57589006870717 33.47229292038294 0.2354955880863065 0.14027772212493542 0.23992498815054625 0.14149637646393187 
115.00000736977003 115.0 0.0 78.31292941911306 33.767978751705506 0.23458453258713444 0.1401797864860376 0.23917089418355356 0.1416502357834656 
116.00000736976997 116.0 0.0 79.06058713304205 34.059920756001056 0.2338221518062423 0.1396922399152125 0.23867013719870092 0.1415227161853561 
117.00000736976992 117.0 0.0 79.79887570268555 34.3592894823971 0.23314433125788422 0.13912381227235682 0.23858032161245507 0.14116186219694568 
118.00000736976986 118.0 0.0 80.54028732042458 34.64911300693546 0.2324174970051557 0.1383954745260748 0.23792547209482795 0.14110837326444436 
119.0000073697698 119.0 0.0 81.26171143035555 34.958308587790285 0.23163597448230575 0.13772954423478379 0.23716627966114526 0.14096127330079905 
120.00000736976975 120.0 0.0 81.95502810743245 35.29432286168476 0.23096545536160726 0.13730520394549894 0.23628990604917036 0.14083361211900144 
121.00000736976969 121.0 0.0 82.61773891317873 35.66514454105413 0.23037327262712212 0.13699485549683144 0.2357567237406788 0.1406378604224504 
122.00000736976963 122.0 0.0 83.29419113054358 36.019824714814426 0.22978150171556583 0.13665885687230514 0.23547924762350164 0.1401696268247795 
123.00000736976958 123.0 0.0 83.97938788257366 36.36722700282593 0.22928867024571314 0.13637560019031802 0.2349323447545255 0.1398450293905475 
124.00000736976952 124.0 0.0 84.68019987507819 36.702658813225305 0.2288801927872642 0.1361603822107764 0.2343252704900347 0.1398973073042382 
125.00000736976946 125.0 0.0 85.40099937539075 37.01912139692947 0.22854006905949675 0.13600210505635799 0.23402999908675878 0.1396655745273686 
126.0000073697694 126.0 0.0 86.13803872579678 37.31732584739958 0.2281154467176978 0.13601511456712362 0.23344376326686422 0.13980020491292938 
127.00000736976935 127.0 0.0 86.88132417239268 37.61209456073225 0.22776472499817052 0.1359792559294573 0.23294909188351015 0.1397590588622309 
128.0000073697693 128.0 0.0 87.63772642098627 37.89613998585617 0.22748864451130732 0.1358750069161128 0.23253279669059496 0.13975372461682978 
129.00000736976924 129.0 0.0 88.38538413491584 38.18685325138712 0.22722593036032684 0.13577260698324725 0.23252431541641982 0.1393928512166448 
130.00000736976918 130.0 0.0 89.13179262960611 38.47262981454459 0.22696818295577972 0.13568092974753918 0.23211548657568457 0.13942735455419386 
131.00000736976912 131.0 0.0 89.86008744534632 38.776012717172875 0.22669595003172655 0.13558830907732813 0.23148901251227005 0.13935218238593078 
132.00000736976907 132.0 0.0 90.55840099937518 39.11047485574165 0.22640486657053294 0.13547428097780115 0.23105408915575645 0.13926279913952294 
133.000007369769 133.0 0.0 91.22923173016837 39.476455577621145 0.22608865539325707 0.1353910251934272 0.23085912578389017 0.13909809635189851 
134.00000736976895 134.0 0.0 91.91442848219837 39.82479815314564 0.22577554070340436 0.13532210125430544 0.23094380842031872 0.1387226441457711 
135.0000073697689 135.0 0.0 92.60524672079977 40.16895968847973 0.2254619360349731 0.13525655800499742 0.23073752326998798 0.13841153552536098 
136.00000736976884 136.0 0.0 93.31105559025563 40.50056399542541 0.22516173370479423 0.13515476714382185 0.23039421387292458 0.13847593169711067 
137.00000736976878 137.0 0.0 94.0362273579014 40.81340082323805 0.22490615055340857 0.1349983537885997 0.23037768681376827 0.138215677981999 
138.00000736976872 138.0 0.0 94.78138663335477 41.1026723988361 0.22468207668518783 0.13484019668586858 0.23034573436928743 0.13816268058130535 
139.00000736976867 139.0 0.0 95.52904434728252 41.39128002549167 0.22447723022757857 0.13470079296379575 0.23007843070750084 0.13810442853478833 
140.0000073697686 140.0 0.0 96.28856964397225 41.67018329111725 0.2243385413801903 0.13451041578925332 0.22979528847058087 0.1380939040318343 
141.00000736976855 141.0 0.0 97.03935040599569 41.95472649866485 0.22422002150613554 0.1343159915076216 0.22985523425330887 0.13782091052500176 
142.0000073697685 142.0 0.0 97.78450968144921 42.24044755799908 0.22402067341482007 0.13424618091806112 0.22954678724899594 0.13789922982613573 
143.00000736976844 143.0 0.0 98.5078076202375 42.55295342573729 0.2239200165122557 0.13403953125029958 0.22913044225504448 0.13769172396805876 
144.00000736976838 144.0 0.0 99.19237976264864 42.905045937461175 0.22387374660201922 0.13376170927402345 0.22885984541350782 0.13749131741965603 
145.00000736976833 145.0 0.0 99.85821361648884 43.27726607650758 0.22377312784752482 0.13348348160487447 0.22887821300304803 0.1371674475529461 
146.00000736976827 146.0 0.0 100.54278575890005 43.62683605860848 0.22371823498581894 0.1331437616783803 0.2290761374258841 0.13664128138830609 
147.0000073697682 147.0 0.0 101.23297938788286 43.971482937014905 0.2237057392575787 0.13278005284694172 0.22901938171631697 0.13613627504686124 
148.00000736976816 148.0 0.0 101.93941286695777 44.303337367573214 0.2237261352141378 0.13240415691473117 0.22872193879509004 0.13612985477091408 
149.0000073697681 149.0 0.0 102.66708307307883 44.61640362073938 0.22371731015670324 0.13208386582262038 0.22866364747800666 0.13584760548957817 
150.00000736976804 150.0 0.0 103.41536539662664 44.90810604731643 0.22363202562562576 0.13186529936520114 0.22858871070987077 0.13569941087920248 
151.00000736976799 151.0 0.0 104.16677076827033 45.19809503870757 0.22357213457467584 0.13165508979551102 0.2280159416916396 0.1356271700970485 
152.00000736976793 152.0 0.0 104.92941911305475 45.47904066957506 0.2235540764502161 0.13138883860342973 0.227484463657767 0.13555169093757113 
153.00000736976787 153.0 0.0 105.68956901936258 45.758993076515665 0.22357418609417626 0.13112428797950806 0.2272492625060387 0.13497422417364274 
154.00000736976781 154.0 0.0 106.45096814490944 46.031323581064115 0.22358758608608337 0.13093425836350056 0.2264745574849034 0.13481433876361706 
155.00000736976776 155.0 0.0 107.18363522798215 46.33571794012527 0.2235830894243618 0.1308679578207212 0.22560682452645212 0.1343987490816413 
156.0000073697677 156.0 0.0 107.88194878201102 46.67822490412287 0.22347986203735706 0.1309009982555824 0.22487257775233638 0.1339688448867461 
157.00000736976764 157.0 0.0 108.55527795128084 47.04725920484977 0.22337092579368836 0.13099253792702165 0.2245222022532322 0.13349441067037032 
158.0000073697676 158.0 0.0 109.24047470331075 47.40034557653043 0.22330083136136322 0.13112916629356872 0.2244929854192888 0.1329196975842187 
159.00000736976753 159.0 0.0 109.92816989381633 47.749533633441004 0.22326079587662764 0.13128907880617774 0.22432265720087036 0.1326266318696388 
160.00000736976747 160.0 0.0 110.63210493441615 48.079363490264136 0.22320168042048616 0.13146223458670475 0.22406296730871542 0.13289878276278982 
161.00000736976742 161.0 0.0 111.35602748282376 48.387182344183024 0.22315875037079438 0.1316548213677509 0.2241314539334631 0.13290480984742942 
162.00000736976736 162.0 0.0 112.09993753903787 48.66917665469701 0.2231436637822486 0.13184495507278327 0.22418559284156572 0.13312808651213337 
163.0000073697673 163.0 0.0 112.8475952529669 48.95013287291556 0.22299274376415895 0.13228395894664255 0.2238623165143887 0.13363597392727528 
164.00000736976725 164.0 0.0 113.61586508432303 49.217963927226855 0.22283437104419648 0.1327312070063603 0.22371208762337558 0.13414910388969375 
165.0000073697672 165.0 0.0 114.3866333541547 49.48675121910037 0.22284605345284036 0.13291018993455897 0.2239428458789583 0.13422365842454645 
166.00000736976713 166.0 0.0 115.15115552779513 49.75401629744541 0.22279631552065118 0.13312683984936344 0.22373773886899254 0.13472369828792483 
167.00000736976708 167.0 0.0 115.8863210493445 50.053379696273865 0.22269966452791587 0.1333731583153102 0.22337640421303412 0.13508923516310692 
168.00000736976702 168.0 0.0 116.58838226108651 50.38992796128801 0.22259782672676492 0.13358058982626816 0.22311002832972193 0.13543226115257864 
169.00000736976696 169.0 0.0 117.26608369768898 50.75396935428271 0.22251407975479223 0.13369266706199434 0.22315061252713492 0.135560105626231 
170.0000073697669 170.0 0.0 117.95565271705168 51.101943770166876 0.22243643197634216 0.1337296495233533 0.22339655214502666 0.1353695759128691 
171.00000736976685 171.0 0.0 118.64772017489067 51.448610976017946 0.2222887740776412 0.1337569308570921 0.22331372143540296 0.1351132148200617 
172.0000073697668 172.0 0.0 119.35977514053707 51.7795734913816 0.2221841604130603 0.1336560946443714 0.22318952287186863 0.13506804135011682 
173.00000736976673 173.0 0.0 120.09618988132334 52.090457300007486 0.22203124943665084 0.13355601941279843 0.22342402162350228 0.13464731137552244 
174.00000736976668 174.0 0.0 120.85384134915772 52.375076365550996 0.22190511644007674 0.1334362117229186 0.22359995933914825 0.13455215350453256 
175.00000736976662 175.0 0.0 121.61524047470272 52.65691424288706 0.22187698694941138 0.1332237474454153 0.2234595091679973 0.13441391517808146 
176.00000736976656 176.0 0.0 122.38913179262956 52.92798510058976 0.22190334943287324 0.13293581035361124 0.2234830435874611 0.13427999522246195 
177.0000073697665 177.0 0.0 123.15677701436566 53.20311109893731 0.221961277716783 0.1325980530256739 0.22377384594728564 0.13380444464424723 
178.00000736976645 178.0 0.0 123.91193004372224 53.48850683871356 0.2220395811703793 0.13223943655371537 0.22366783799086298 0.13367322667493883 
179.0000073697664 179.0 0.0 124.65084322298642 53.79212199152429 0.222151528773469 0.131844488524198 0.22353585718445698 0.1332869651218039 
180.00000736976634 180.0 0.0 125.35977514053695 54.12835884219463 0.22224923281164574 0.13148879302389882 0.22334076100634742 0.13304266775670964 
181.00000736976628 181.0 0.0 126.04372267332957 54.491564366725775 0.22227712105153866 0.1312129930937126 0.2233630217809574 0.1327709174361434 
182.00000736976622 182.0 0.0 126.73766396002439 54.83701885395942 0.22225912857463964 0.13102031238700285 0.22365263975298932 0.13225338779062082 
183.00000736976617 183.0 0.0 127.42973141786493 55.17757892015846 0.2222460250482143 0.13086008908527139 0.22371035538823208 0.1317050330141653 
184.0000073697661 184.0 0.0 128.1399125546539 55.50230096349473 0.22227467142943003 0.13064587285361082 0.22369593607594745 0.13156972674533632 
185.00000736976605 185.0 0.0 128.87133041848898 55.807299556521976 0.22234839133535356 0.1303732564900333 0.22398578369949435 0.1311246840534949 
186.000007369766 186.0 0.0 129.62086196127478 56.08687938820063 0.22251570929379852 0.1300160049021429 0.2242704505688646 0.1309261966845501 
187.00000736976594 187.0 0.0 130.37601499063138 56.35904784823611 0.22270002089295338 0.1296588202842575 0.22434810133045582 0.13069998584399545 
188.00000736976588 188.0 0.0 131.1524047470335 56.61464482160128 0.22286192991506126 0.12933884701579798 0.22441397922082443 0.1306213403492967 
189.00000736976583 189.0 0.0 131.9237976264826 56.88370100098116 0.22282637445294784 0.12930042209735068 0.224777563459616 0.1302142653041807 
190.00000736976577 190.0 0.0 132.68707058088796 57.162226504708876 0.2228801773375471 0.12909629435534709 0.22479679429569138 0.13003872615085008 
191.0000073697657 191.0 0.0 133.42161149281617 57.46458916281811 0.2228655447422684 0.12889813677450715 0.22450622084894134 0.1298868382823542 
192.00000736976565 192.0 0.0 134.11930043722754 57.8060453889585 0.22271177311150014 0.12875598379129577 0.22409757299483835 0.12992491876318535 
193.0000073697656 193.0 0.0 134.79325421611543 58.17343985416362 0.22236017851052708 0.12874049807902233 0.22391261311473004 0.12975128060192323 
194.00000736976554 194.0 0.0 135.48407245471472 58.51971806497971 0.22180270629611665 0.12882102311792235 0.22379977917159594 0.12945676960684507 
195.00000736976548 195.0 0.0 136.1792629606494 58.863218309114295 0.22106055486450277 0.1290061722335064 0.22329366059515962 0.12922325457008668 
196.00000736976543 196.0 0.0 136.89131792629584 59.191601438248675 0.22024824770154094 0.12912669360198997 0.222529342391085 0.12949831097003187 
197.00000736976537 197.0 0.0 137.62398500936862 59.49947289144458 0.21933259055892 0.12918656327530087 0.22190555367407352 0.12957847497607547 
198.0000073697653 198.0 0.0 138.37913803872522 59.77885737873027 0.21808193318782532 0.12915987044905242 0.22126733485344607 0.1298137524230659 
199.00000736976526 199.0 0.0 139.1467832604627 60.05000263287739 0.21713389214171908 0.12881851894379723 0.22019762011257668 0.12981435195036237 
200.0000073697652 200.0 0.0 139.9319175515292 60.306931499481664 0.21592151861455644 0.1282004470940423 0.2191172768304901 0.12990824319113206 
201.00000736976514 201.0 0.0 140.70643347907546 60.57549021538717 0.21454069650306226 0.127101509794819 0.2179889005885605 0.12938617818008946 
202.0000073697651 202.0 0.0 141.4709556527177 60.85264424943811 0.21316270646983596 0.1259172941544357 0.21650195216778834 0.12911594889956493 
203.00000736976503 203.0 0.0 142.21236727045672 61.158369189792836 0.21169154078045696 0.12410735405868445 0.21485365399988945 0.12809748254987136 
204.00000736976497 204.0 0.0 142.91880074953102 61.502354853785 0.21044393097184133 0.12265082597790324 0.21325885792964303 0.12689220694550787 
205.00000736976492 205.0 0.0 143.6014990630851 61.87272094995813 0.20948090308952852 0.12184985193547863 0.21221818828034317 0.12543558353292472 
206.00000736976486 206.0 0.0 144.30106183635172 62.221051944834755 0.20889862304040105 0.12147960901798852 0.21173812883623203 0.12398672217876573 
207.0000073697648 207.0 0.0 145.00312304809415 62.567058946705274 0.2085181461976472 0.12130692690925504 0.21140218567043084 0.12343054446309 
208.00000736976475 208.0 0.0 145.7226733291699 62.89836477881483 0.20836979245900353 0.1213751338368707 0.21117142714259682 0.12367804766392058 
209.0000073697647 209.0 0.0 146.4640849469089 63.20852486455265 0.20826709870318652 0.12151180937963414 0.21123846984562641 0.12372015471435222 
210.00000736976463 210.0 0.0 147.2261086820743 63.492057321453125 0.20820374158935345 0.12177166346362654 0.21125858565768824 0.12406583252296938 
211.00000736976457 211.0 0.0 147.9962523422853 63.766203712831334 0.2081546919593006 0.12210628449599834 0.2109900250108219 0.12446235721648508 
212.00000736976452 212.0 0.0 148.7732667083086 64.03630169586982 0.208112588456756 0.12247398523396867 0.21088202730317424 0.12497090020193681 
213.00000736976446 213.0 0.0 149.54903185509147 64.30672787993899 0.20807996905345935 0.12284810416957466 0.21111088516645585 0.12524772831040326 
214.0000073697644 214.0 0.0 150.31667707682644 64.57979775402889 0.20806032792273865 0.1232568975330681 0.21086389503570244 0.12596237927375348 
215.00000736976435 215.0 0.0 151.05746408494747 64.88020072267875 0.208012563984153 0.123784212326092 0.2106780379866434 0.12648891170427307 
216.0000073697643 216.0 0.0 151.76139912554586 65.21908680778348 0.20798917484558072 0.12432981523211248 0.21046891862289638 0.127117748971471 
217.00000736976423 217.0 0.0 152.44284821986196 65.5808805055448 0.20806751532338968 0.12480397020622841 0.21067913761268206 0.12756479140239652 
218.00000736976418 218.0 0.0 153.139912554654 65.92197404691676 0.20830119380123635 0.12518060097342082 0.2112265759306115 0.12772340405391322 
219.00000736976412 219.0 0.0 153.84009993753924 66.26017405644237 0.20857742702964452 0.12555692013786207 0.2116462791068369 0.1277542575873561 
220.00000736976406 220.0 0.0 154.55715178013807 66.58127092420646 0.2089058029965068 0.1258408259251601 0.21185918060709485 0.128313823107535 
221.000007369764 221.0 0.0 155.29606495939998 66.87612459432563 0.20923260247348027 0.12623502116118146 0.2124602181848986 0.1285357484501292 
222.00000736976395 222.0 0.0 156.06183635227924 67.13942991175686 0.2094396217236513 0.12671302483379634 0.21288349542077326 0.12895342598981327 
223.0000073697639 223.0 0.0 156.8332292317305 67.40742945052936 0.20952839080991834 0.12724048735975532 0.21283305145348638 0.1295944565801141 
224.00000736976384 224.0 0.0 157.6152404747026 67.6720445795945 0.2094664630274657 0.12780190830563865 0.21289416008124104 0.13021389606574518 
225.00000736976378 225.0 0.0 158.3853841349144 67.94187413696272 0.20929644358351074 0.12818963750481074 0.21324300625208142 0.13031083766488596 
226.00000736976372 226.0 0.0 159.1424109931284 68.22051345770875 0.20917506817872714 0.12806528213010324 0.21290958380620115 0.13065987557527572 
227.00000736976367 227.0 0.0 159.87820112429816 68.5262689102652 0.20880626249319617 0.12784656495154512 0.21264060961720618 0.13071083737147532 
228.0000073697636 228.0 0.0 160.58276077451592 68.86676123227645 0.20808302331150663 0.12721425797468153 0.21172946087059166 0.13080869688852637 
229.00000736976355 229.0 0.0 161.27108057464196 69.22817504018201 0.20748731349905564 0.12627462642867507 0.21140129577256725 0.13051277735534586 
230.0000073697635 230.0 0.0 161.97751405371613 69.5708685015945 0.206717451252965 0.12472203983320901 0.2111754971559591 0.1294019142221318 
231.00000736976344 231.0 0.0 162.68644597126854 69.91285019524989 0.20602795248518055 0.12381133075547013 0.21018870542521897 0.12795179166396037 
232.00000736976338 232.0 0.0 163.41723922548408 70.23191619643674 0.20555779264260987 0.12342878063086835 0.2089989679171216 0.12686245133800214 
233.00000736976332 233.0 0.0 164.17051842598318 70.52729280422933 0.20521657927265788 0.12330316405630452 0.20809501929919852 0.12561138849353862 
234.00000736976327 234.0 0.0 164.94753279200387 70.79297101740822 0.20493251359016676 0.12322541062945343 0.2075408855423689 0.1254289153049088 
235.0000073697632 235.0 0.0 165.72642098688388 71.05761822454495 0.2049007842642919 0.12337564286149927 0.20702499581503023 0.1255788465792686 
236.00000736976315 236.0 0.0 166.5159275452854 71.31283126061318 0.204810798393093 0.12352080481161959 0.20668663614574947 0.1258950359828322 
237.0000073697631 237.0 0.0 167.29481574016233 71.57959226872325 0.20471933074873733 0.12377014553039209 0.20665993098720956 0.1260304734644186 
238.00000736976304 238.0 0.0 168.05996252342177 71.85400233980452 0.2045872680249364 0.12397525881775971 0.20621189322769165 0.12638643339222383 
239.00000736976298 239.0 0.0 168.79575265458953 72.15303272869949 0.2044389624241972 0.12413332700895756 0.2059785224671642 0.1264391167025096 
240.00000736976293 240.0 0.0 169.49406620861842 72.48458540281624 0.20431180253788572 0.12423276144247 0.20565558700195724 0.1265469203666587 
241.00000736976287 241.0 0.0 170.1680199875091 72.83174017308414 0.20422253289906744 0.12420309450787637 0.2057130599982652 0.12647617607567047 
242.0000073697628 242.0 0.0 170.8538413491579 73.15772258823614 0.20419809363863686 0.12408723042831978 0.20601029741035382 0.1261149856050191 
243.00000736976276 243.0 0.0 171.53966271080577 73.48259883901879 0.20417385965481288 0.12380684673444216 0.20604395720030036 0.12567282060961008 
244.0000073697627 244.0 0.0 172.24484697064344 73.78792253812412 0.20401305083935228 0.12349178201400339 0.205889413793536 0.12569014182124302 
245.00000736976264 245.0 0.0 172.9750156152389 74.07979228771079 0.20394548949257374 0.123119526719974 0.2061238828812834 0.12528307995528273 
246.00000736976259 246.0 0.0 173.7314178638362 74.34524408831354 0.2039431931030103 0.12256891087492734 0.20637084751190943 0.1252494714624282 
247.00000736976253 247.0 0.0 174.50343535290438 74.60354478468807 0.20406848326922608 0.12183446475106363 0.20614606949637856 0.12519151681768764 
248.00000736976247 248.0 0.0 175.29169269206838 74.85395271590876 0.2042892969552635 0.12094896570774555 0.20625215313269565 0.12460783630893164 
249.00000736976241 249.0 0.0 176.07183010618274 75.11852609184442 0.20461006855037842 0.12006290713651502 0.20673532080384843 0.12343625221355964 
250.00000736976236 250.0 0.0 176.84009993753943 75.39617474374965 0.20468156236411608 0.11888303685806996 0.2066069385429446 0.12253126174661853 
#####################################################################
# End of data export. Simulation finished at: 2020-02-27T03:05+0000 #
#####################################################################
