#####################################################################
# Alchemist log file - simulation started at: 2020-02-27T20:13+0000 #
#####################################################################
# seed = 41.0, reactivity = 1.2, speed = 10
#
# The columns have the following meaning: 
# time classicrc[Mean] classicrc[StandardDeviation] reactiverc[Mean] reactiverc[StandardDeviation] errorclassic[Mean] errorclassic[StandardDeviation] errorreactive[Mean] errorreactive[StandardDeviation] 
0.0 NaN NaN NaN NaN NaN NaN NaN NaN 
1.0000061414769124 1.0 0.0 1.0 0.0 NaN NaN NaN NaN 
2.0000061414769115 2.0 0.0 1.4078700811992504 0.4915923342674859 NaN NaN NaN NaN 
3.0000061414769132 3.0 0.0 1.9094316052467213 0.3871914761787594 NaN NaN NaN NaN 
4.000006141476915 4.0 0.0 2.0630855715178003 0.6137122479614947 NaN NaN NaN NaN 
5.000006141476911 5.0 0.0 2.387257963772644 0.9453504847611224 NaN NaN NaN NaN 
6.0000061414769075 6.0 0.0 2.9269206745783913 1.3319275784848577 NaN NaN NaN NaN 
7.000006141476904 7.0 0.0 3.6158650843223 1.655059860484319 NaN NaN NaN NaN 
8.0000061414769 8.0 0.0 4.425359150530918 1.9165937262642012 NaN NaN NaN NaN 
9.000006141476907 9.0 0.0 5.33791380387258 2.058547520720761 NaN NaN NaN NaN 
10.000006141476915 10.0 0.0 6.275452841973771 2.079592101935132 NaN NaN NaN NaN 
11.000006141476922 11.0 0.0 7.212367270455971 2.140647555070211 0.6542374699325261 0.6137993490015993 0.6054968702563179 0.551127068534179 
12.000006141476929 12.0 0.0 8.110555902560886 2.274784550958426 0.6065488686819248 0.5526378649984206 0.5622206022833097 0.5074768971891279 
13.000006141476936 13.0 0.0 8.963772642098709 2.488460720661684 0.5788599615298203 0.5185556746441141 0.5391801222165652 0.4884494308520007 
14.000006141476943 14.0 0.0 9.811367895065581 2.7464787802190815 0.5643305311835609 0.5070933882657447 0.5233235266322149 0.4749085338374862 
15.00000614147695 15.0 0.0 10.661461586508423 2.9831309244533295 0.5560240796124439 0.5053188882102845 0.5110819395585553 0.46268230089241436 
16.000006141476955 16.0 0.0 11.522798251093086 3.2658668320825694 0.5496254691094786 0.5043174821482623 0.5008021982943286 0.4522752383783046 
17.00000614147694 17.0 0.0 12.40474703310433 3.514232128302405 0.5440981545546156 0.5024633587275327 0.4921136614892579 0.445962750228125 
18.000006141476927 18.0 0.0 13.26733291692689 3.7579566847852397 0.5391322701904072 0.49908582126809187 0.4838624351584182 0.4421880548629627 
19.000006141476913 19.0 0.0 14.104309806371017 4.0411616725837405 0.5344333124177554 0.4939375274688559 0.4755911608323798 0.4375990460807648 
20.0000061414769 20.0 0.0 14.931917551530345 4.324463768283685 0.5285074135038191 0.4872291874754593 0.47107627088674164 0.43288643585587205 
21.000006141476884 21.0 0.0 15.735790131168056 4.679959884008336 0.522289836404183 0.47942466874293543 0.4657661767767506 0.4256799801447751 
22.00000614147687 22.0 0.0 16.51467832604629 5.075548311471952 0.5169449908767435 0.47085842516703336 0.4627289945986096 0.41789217380198074 
23.000006141476856 23.0 0.0 17.27920049968769 5.48350921950532 0.5126510979883567 0.46387473596567247 0.45829871201288075 0.4094852992673943 
24.00000614147684 24.0 0.0 18.053716427233102 5.895198278432757 0.5094594244694018 0.46087161837329216 0.45555693412425735 0.40254434847935017 
25.000006141476828 25.0 0.0 18.849469081823827 6.291398992310853 0.5073718777479738 0.4583079876742692 0.45431664605789107 0.3957648758332375 
26.000006141476813 26.0 0.0 19.67270455965024 6.70272785836375 0.504055831063636 0.45346716127177 0.4507304043196476 0.38949517008224316 
27.0000061414768 27.0 0.0 20.506558400999438 7.088202396270395 0.5007261469883384 0.446587816051746 0.4470278889882071 0.382728765250281 
28.000006141476785 28.0 0.0 21.379138038725902 7.436181110392475 0.4973245718809168 0.43814263450469954 0.4456373980015872 0.3767784017008683 
29.00000614147677 29.0 0.0 22.27482823235489 7.749478836418792 0.4936903984073629 0.42678888800661896 0.4459182868264074 0.3740795435256061 
30.000006141476756 30.0 0.0 23.180512179887472 8.046149388838586 0.49186711426244084 0.4184583928319351 0.4464486241566197 0.3718308042402153 
31.000006141476742 31.0 0.0 24.08994378513437 8.366564710760223 0.4929729318426156 0.4172857503601926 0.44686942595234325 0.3690576344197583 
32.00000614147673 32.0 0.0 24.96377264209862 8.709473965646547 0.49464280543275 0.41659199953607057 0.4461040052732499 0.36785711093779244 
33.00000614147676 33.0 0.0 25.800124921923658 9.08914324809477 0.4958645614096305 0.41667741188704555 0.4454674766829368 0.3670683888965174 
34.00000614147679 34.0 0.0 26.62273579013137 9.493159788014445 0.4961723302597041 0.41694001433383787 0.4436232010018533 0.3664923219620736 
35.00000614147682 35.0 0.0 27.433479075577885 9.908555820651582 0.49569864731917157 0.4162509328464378 0.44098801394625603 0.362834540731798 
36.000006141476845 36.0 0.0 28.247970018738123 10.356295063346813 0.493743262812773 0.4151603248446198 0.4379508885817214 0.3592266183916141 
37.000006141476874 37.0 0.0 29.081823860087315 10.77283275983876 0.49098607615598605 0.41257382533764553 0.4358077238877624 0.35399629718559655 
38.0000061414769 38.0 0.0 29.92504684572157 11.163360986433682 0.4873451623265986 0.4082000777653295 0.43350216246164713 0.34925909954633183 
39.00000614147693 39.0 0.0 30.785134291068047 11.534786685178911 0.4832560866179372 0.4026176944986077 0.43249589268475397 0.3445856857336019 
40.00000614147696 40.0 0.0 31.680824484697 11.836012348751634 0.4811163764798797 0.39824082923467596 0.4318358159049372 0.3401973180680557 
41.00000614147699 41.0 0.0 32.617114303560356 12.142031622325247 0.4783417087644455 0.3943218077582307 0.43138891942937074 0.33722370964487636 
42.000006141477016 42.0 0.0 33.52592129918811 12.464679455016206 0.4769575886877947 0.3908480453899274 0.43185394164565805 0.33615933077820537 
43.000006141477044 43.0 0.0 34.42535915053076 12.803938125106523 0.4747626768051093 0.38696231690945676 0.43157382575975606 0.3343945917773228 
44.00000614147707 44.0 0.0 35.30543410368516 13.164432259009985 0.47385287424786277 0.3818887192988464 0.4330721702117712 0.3339344995673452 
45.0000061414771 45.0 0.0 36.16052467208005 13.548933195072836 0.4731629845939941 0.3794617363210026 0.4334802661344471 0.3346482185577422 
46.00000614147713 46.0 0.0 37.01061836352268 13.973072753689042 0.4726339432810125 0.3799603270926539 0.4323210378233972 0.33653594030726036 
47.00000614147716 47.0 0.0 37.8363522798252 14.406923775942706 0.4716019457709216 0.3798411931155102 0.4316809593759801 0.3397407993462679 
48.000006141477186 48.0 0.0 38.65584009993735 14.830234486831971 0.47035180885152006 0.3789859360738215 0.43047238375242963 0.34249084208887176 
49.000006141477215 49.0 0.0 39.50093691442867 15.229909893746727 0.4684080871751322 0.3775923998493265 0.428177770874763 0.3408014871128241 
50.00000614147724 50.0 0.0 40.3816364772019 15.581355447144873 0.4667219291338703 0.3757270008740758 0.42682198327640686 0.33677948527723817 
51.00000614147727 51.0 0.0 41.28357276702045 15.941244814234485 0.46512521470798635 0.3736218210758435 0.4272967839963567 0.33710374550088873 
52.0000061414773 52.0 0.0 42.22361024359749 16.25895806034307 0.46442341201880627 0.3733767703865903 0.4282828474549447 0.33891434074471044 
53.00000614147733 53.0 0.0 43.14678326046194 16.56978624510942 0.46427466952177576 0.3736110769073167 0.429450457249543 0.34017032814227405 
54.00000614147736 54.0 0.0 44.0424734540909 16.89946581635645 0.46402895213510686 0.37510065544058924 0.43012717924908583 0.34258540429528095 
55.000006141477385 55.0 0.0 44.93566520924416 17.2418526686619 0.46287990230627907 0.3766899450654151 0.4316447764562907 0.34663216962101273 
56.000006141477414 56.0 0.0 45.83572767020595 17.619197562198686 0.46232347617822944 0.37957051882875675 0.4319046460437973 0.3502478537440916 
57.00000614147744 57.0 0.0 46.70768269831334 18.035021408062104 0.4619382886533864 0.38080441189847375 0.43037029000201626 0.35174805647798796 
58.00000614147747 58.0 0.0 47.56214865708955 18.467777109884892 0.46188873461835944 0.3812813083239543 0.42898097692815446 0.35313427544079656 
59.0000061414775 59.0 0.0 48.400374765771254 18.907444958519957 0.46239964989923266 0.38425044710607753 0.4287959610481514 0.35724485581555826 
60.00000614147753 60.0 0.0 49.26046221111818 19.31696772364203 0.46360330443358183 0.38620884725075433 0.4292362463419831 0.3604960205404983 
61.000006141477556 61.0 0.0 50.16114928169879 19.710410058604232 0.46576039669169594 0.3898472612975519 0.42719533642495583 0.3609522042401956 
62.000006141477584 62.0 0.0 51.069331667707495 20.06566258850058 0.46803603004360445 0.3947955249149703 0.4251131448405196 0.36080854692198516 
63.00000614147761 63.0 0.0 51.98001249219208 20.397018170552435 0.4692532453174644 0.3990196734786652 0.42466992251233093 0.3627960412884916 
64.00000614147764 64.0 0.0 52.90381011867563 20.69847800501125 0.46945596728152234 0.40494858754929985 0.42469054683595614 0.36782789770619373 
65.00000614147758 65.0 0.0 53.821986258588396 21.002235983397377 0.46937948715775124 0.4096187423838124 0.42307477625703915 0.3731980308969905 
66.00000614147753 66.0 0.0 54.73828856964375 21.334821051960457 0.4694409194147484 0.41341445696947765 0.4223090546704485 0.3756003525109579 
67.00000614147747 67.0 0.0 55.63397876327274 21.670912410926523 0.47003144110796524 0.41711169628050054 0.4215902773736719 0.3777839504847321 
68.00000614147741 68.0 0.0 56.50843222985596 22.042120703395682 0.47099581642028804 0.42058861368920397 0.4235715196296672 0.38280382823246767 
69.00000614147736 69.0 0.0 57.361024359774774 22.429156915720995 0.4729555809468998 0.4245537453227496 0.4254393604461942 0.3867285726442811 
70.0000061414773 70.0 0.0 58.195502810742894 22.83886226944437 0.47528730576380906 0.42892435775430554 0.42943271977879865 0.3918054525827212 
71.00000614147724 71.0 0.0 59.02623360399733 23.280932356069865 0.47724644352208584 0.4326122241880636 0.43275070008938843 0.3969397650549688 
72.00000614147719 72.0 0.0 59.88694565896294 23.67771284832353 0.4795148078873232 0.4381899965735633 0.4376880724605614 0.4015730558213249 
73.00000614147713 73.0 0.0 60.76327295440328 24.049522870133448 0.4819849058205477 0.4451329828920699 0.440737061983365 0.407333300573379 
74.00000614147707 74.0 0.0 61.64772017489059 24.410311783376393 0.48484259805690033 0.45093435536634613 0.44274528751114356 0.41318755316514044 
75.00000614147702 75.0 0.0 62.565271705184514 24.714993287309618 0.48642134706652557 0.4563576349807643 0.44342466469713016 0.41712980934469834 
76.00000614147696 76.0 0.0 63.49781386633362 25.031657984796645 0.48675476403094287 0.4613186634361001 0.445031839358982 0.42290316770254566 
77.0000061414769 77.0 0.0 64.39912554653337 25.357345567603385 0.48641577160648836 0.46616518586648986 0.44742392675686365 0.42783481299519516 
78.00000614147685 78.0 0.0 65.29294191130509 25.68303927502044 0.48573240309295546 0.4715138741249729 0.44681358356401285 0.43074353835750273 
79.00000614147679 79.0 0.0 66.19175515302943 26.028663661049013 0.4860648938863449 0.4778551911137805 0.4473573129324026 0.4348779656109314 
80.00000614147673 80.0 0.0 67.0899437851343 26.40969339199803 0.4871117102541243 0.4826089789798626 0.4477525890814334 0.43805307314473224 
81.00000614147667 81.0 0.0 67.97501561524054 26.83308359824447 0.487790840067693 0.48595097181924907 0.44902543263968664 0.44337267212565296 
82.00000614147662 82.0 0.0 68.83260462211081 27.27092245000531 0.4880746254509311 0.49053990416655785 0.4496444941905772 0.4479115182019055 
83.00000614147656 83.0 0.0 69.67582760774503 27.672061209462573 0.48725696839410365 0.4952606120522761 0.44965668047361945 0.451567449417183 
84.0000061414765 84.0 0.0 70.52654590880657 28.040028550703955 0.48618855888586743 0.5010158023069968 0.45035591825002336 0.4562714233213087 
85.00000614147645 85.0 0.0 71.3835103060585 28.381095431995835 0.48710463670127035 0.5070747355541213 0.4511870565167367 0.4608912111133108 
86.00000614147639 86.0 0.0 72.25546533416627 28.73504518308571 0.4901380153540882 0.5140761999577996 0.4527089199235634 0.4650201798522491 
87.00000614147633 87.0 0.0 73.14990630855684 29.04797779628923 0.49297805203674144 0.5197631734983461 0.4550863085382348 0.46879261406835454 
88.00000614147628 88.0 0.0 74.03872579637704 29.356702801496283 0.49419298656741245 0.5243270134846703 0.45635633158117045 0.47522566487229406 
89.00000614147622 89.0 0.0 74.92004996876946 29.67429197129248 0.49634520271918264 0.530875276859096 0.4576569390719035 0.47864498543243755 
90.00000614147616 90.0 0.0 75.8132417239228 29.995199191656123 0.49855581708698776 0.5346815020978162 0.45842470162591553 0.48337031940606057 
91.0000061414761 91.0 0.0 76.7189256714552 30.348841787539243 0.5009966503587963 0.5380720898747471 0.46044209298805644 0.48790447639692724 
92.00000614147605 92.0 0.0 77.59900062460927 30.73378188574676 0.5033803346419066 0.5420757872235058 0.4638017582717947 0.4925045058122147 
93.00000614147599 93.0 0.0 78.4615865084326 31.14809271418362 0.5056041688061862 0.5452216853669092 0.4659111216887462 0.49528498260279474 
94.00000614147594 94.0 0.0 79.31542785758869 31.561900577792187 0.5078416053600969 0.5490536836704546 0.4676579954828066 0.49930437896640883 
95.00000614147588 95.0 0.0 80.16864459712643 31.943568072841142 0.5100331540500801 0.5537640479818146 0.46922895388405805 0.5024017770960498 
96.00000614147582 96.0 0.0 81.01561524047504 32.33054486104244 0.5121778147680576 0.5579884514701995 0.4712216377299588 0.5062234455536296 
97.00000614147577 97.0 0.0 81.85696439725194 32.68679248609999 0.5147455409254507 0.5634773782714496 0.4756069901095846 0.5118687316671637 
98.00000614147571 98.0 0.0 82.70705808869498 33.01164198282548 0.5176456702103367 0.5685852066672697 0.4766603344861422 0.5158145414074637 
99.00000614147565 99.0 0.0 83.5677701436599 33.326499374928595 0.5214434132799699 0.571918750790391 0.47827442643842755 0.5183032625283271 
100.0000061414756 100.0 0.0 84.42410993129283 33.633958187342515 0.5235258824734236 0.5733489788568197 0.47931032264299983 0.5205353609951682 
101.00000614147554 101.0 0.0 85.30168644597113 33.96836106443947 1.8989656671211992 2.2791394808018364 1.9774160429172303 2.3437679868581216 
102.00000614147548 102.0 0.0 86.17489069331629 34.29004074259277 2.0150100335995216 2.3141409309820915 1.9638003484168043 2.3302153395969456 
103.00000614147542 103.0 0.0 87.03185509056824 34.634767353325564 1.7816645578954637 2.2238453135237166 1.8010917248595095 2.2411016130533414 
104.00000614147537 104.0 0.0 87.86820737039388 35.00209986339317 1.633686410704561 2.1825134499795213 1.662766620869092 2.1811980449309596 
105.00000614147531 105.0 0.0 88.69519050593429 35.396868266900825 1.5523554744276233 2.1522228322940373 1.5653422203510972 2.149713121803547 
106.00000614147525 106.0 0.0 89.51155527795173 35.81865816361781 1.5030995182890947 2.116312439378083 1.5005883969866083 2.1199412543491167 
107.0000061414752 107.0 0.0 90.3385384134913 36.19530798477103 1.4638859328513993 2.07444734984099 1.4592001581185048 2.0840665811839965 
108.00000614147514 108.0 0.0 91.17051842598327 36.551200805083745 1.4271590279296096 2.0331444429377235 1.4219360068383682 2.050672721618374 
109.00000614147508 109.0 0.0 92.00999375390332 36.88309097760741 1.3924660744892825 1.9910643389833929 1.3855814612616761 2.0124797252379354 
110.00000614147503 110.0 0.0 92.86321049344194 37.171738618691144 1.356757122630144 1.9454526887366639 1.3459479134566277 1.9691490844257498 
111.00000614147497 111.0 0.0 93.7320424734545 37.47600937784317 1.3188398552854355 1.8983705699300153 1.306607815923792 1.9248699829338403 
112.00000614147491 112.0 0.0 94.57589006870717 37.790516579532465 1.2823589445722607 1.845282939101616 1.2665391588527393 1.866494014129489 
113.00000614147486 113.0 0.0 95.4359775140535 38.08966139006083 1.2434431364802607 1.787710804362718 1.2257572176353206 1.8036775082519023 
114.0000061414748 114.0 0.0 96.28669581511492 38.40217609899266 1.200631306363147 1.7247543819113036 1.183762185274256 1.7379764869722851 
115.00000614147474 115.0 0.0 97.10430980637102 38.753270670537646 1.1578363611506262 1.6563616573278959 1.1383912541532777 1.6630210431812964 
116.00000614147469 116.0 0.0 97.92004996876973 39.15306314961205 1.1103292656596544 1.5810708145945898 1.0840221000211476 1.5726968208334329 
117.00000614147463 117.0 0.0 98.73641474078765 39.554335784941614 1.0611515292620863 1.5001698052338353 1.027297948014076 1.477945401177686 
118.00000614147457 118.0 0.0 99.55153029356593 39.96207576214276 1.0103474812753312 1.4148547534847682 0.9690742108296853 1.3823927642955836 
119.00000614147451 119.0 0.0 100.38413491567712 40.36087800261277 0.95676484641594 1.3242097790643887 0.9076857140855167 1.2866699358499083 
120.00000614147446 120.0 0.0 101.24734540911906 40.748512635569824 0.9002412538431096 1.2300556176940818 0.8437091203405179 1.1813514439413242 
121.0000061414744 121.0 0.0 102.14053716427242 41.13474336812225 0.8418891116853878 1.1335239904619259 0.7767635712099138 1.0709754448604165 
122.00000614147434 122.0 0.0 103.06183635227954 41.46695128503772 0.7831019047001307 1.0355421000327736 0.7085680127992949 0.9558811912586268 
123.00000614147429 123.0 0.0 103.97501561524054 41.80921699087875 0.7232161025628392 0.9363166300192399 0.6422044551426851 0.8405970241533226 
124.00000614147423 124.0 0.0 104.87882573391701 42.13864387495466 0.6621640535627479 0.8388193091915866 0.5819865659034227 0.7324257804571551 
125.00000614147417 125.0 0.0 105.78326046221045 42.476639104485834 0.6044020212750784 0.7435096480767038 0.524834975083238 0.622700806268332 
126.00000614147412 126.0 0.0 106.69519050593449 42.8475003133706 0.5522032465330596 0.6510404685653226 0.4704441556374734 0.520660935307679 
127.00000614147406 127.0 0.0 107.58088694565852 43.23307309760484 0.5092585462676864 0.5638131744438266 0.42471683843988023 0.4294091813165615 
128.00000614147402 128.0 0.0 108.46346033728861 43.63592350653957 0.4734104478805306 0.48791823136542667 0.3934766903499727 0.35601010191429217 
129.00000614147413 129.0 0.0 109.33291692692117 44.05789908800363 0.44510472453595185 0.42459962416983316 0.3761954449179229 0.3155698190941556 
130.00000614147424 130.0 0.0 110.20549656464766 44.469381261367865 0.42681147370867256 0.37639885303532017 0.36828078446583756 0.29577423581585083 
131.00000614147436 131.0 0.0 111.0836976889447 44.88762903427359 0.4188610748695604 0.3510452257843981 0.3758771021116084 0.29859851893858114 
132.00000614147447 132.0 0.0 111.96564647095603 45.27350984955168 0.42001532041046397 0.34286296906293334 0.39581527397752214 0.31845303181472956 
133.00000614147459 133.0 0.0 112.86258588382195 45.62221066058755 0.4268118998580727 0.34976259351321015 0.41537532745232236 0.3396298524448737 
134.0000061414747 134.0 0.0 113.77076826983163 45.94857772523439 0.43747482170939395 0.36593863103456326 0.42755813154336614 0.353458311977489 
135.0000061414748 135.0 0.0 114.66520924422174 46.28211420297085 0.44904285596679977 0.3822512433153642 0.4349740251007559 0.3567401039906126 
136.00000614147493 136.0 0.0 115.55965021861388 46.63037203237364 0.46101236780857613 0.39442718865266296 0.4378163261583196 0.3562210459460368 
137.00000614147504 137.0 0.0 116.43410368519594 46.99246813279395 0.4707127061953259 0.39963214855637685 0.4368882503545871 0.3536285407079253 
138.00000614147515 138.0 0.0 117.28482198625927 47.376168331070474 0.47650901206964535 0.40161946896459094 0.4344704592015529 0.3497980149735735 
139.00000614147527 139.0 0.0 118.11992504684608 47.768379802902984 0.47924483688315855 0.4001268034860464 0.43249991745037625 0.3469460075074153 
140.00000614147538 140.0 0.0 118.93691442848171 48.18843629672253 0.4787447222589751 0.3968259315359658 0.4315754303727024 0.34328221703868356 
141.0000061414755 141.0 0.0 119.76764522173734 48.6320468160044 0.4768068365264512 0.39345181791279266 0.42958627301311575 0.33952623385000036 
142.0000061414756 142.0 0.0 120.62273579013181 49.03495011479841 0.4751761327692704 0.38987555985952427 0.4303290089217456 0.3363852435340622 
143.00000614147572 143.0 0.0 121.48344784509626 49.432326286600606 0.47360441621007626 0.3864580982338394 0.4294226290726411 0.33397193452676716 
144.00000614147584 144.0 0.0 122.35352904434758 49.81146895144266 0.4721762584769393 0.3821902900749642 0.43169250480358706 0.33279159518753565 
145.00000614147595 145.0 0.0 123.26545908806975 50.13989292399559 0.4720528094869653 0.37892012267635317 0.43378758821905794 0.33441784326138757 
146.00000614147606 146.0 0.0 124.19300437226697 50.47617855018943 0.47210734732775633 0.3796859785907885 0.43313044131439277 0.33687549389845417 
147.00000614147618 147.0 0.0 125.08869456589616 50.82421547212761 0.47200278688613967 0.3813765434620829 0.4325754982768276 0.33902716402828525 
148.0000061414763 148.0 0.0 125.96252342286 51.164671352685865 0.469558925116901 0.3799669096392703 0.43058576017045536 0.34186471269585733 
149.0000061414764 149.0 0.0 126.82198625858732 51.51752290534083 0.4689628168694015 0.37993147043958553 0.4286407461257216 0.3404125819689244 
150.00000614147652 150.0 0.0 127.69581511555278 51.876505170701215 0.466753116412317 0.3784933467475379 0.4269233132902668 0.33687563409666826 
151.00000614147663 151.0 0.0 128.56464709556568 52.292707181699974 0.4646238294041399 0.3755368541292623 0.4266184303734955 0.33709036496314965 
152.00000614147675 152.0 0.0 129.41723922548408 52.730726835720475 0.46345584550252295 0.3746393569924357 0.42700898268196813 0.3384690298737509 
153.00000614147686 153.0 0.0 130.25733916302258 53.16202813254514 0.462456996180894 0.37399029098813125 0.42865644211999354 0.3396250910627781 
154.00000614147697 154.0 0.0 131.10618363522792 53.57325562245359 0.4616013997267013 0.37418602471930945 0.4294591989920743 0.34185562697707267 
155.0000061414771 155.0 0.0 131.9837601499062 53.960608188774565 0.45954378840098203 0.37537117626780375 0.4312476152820773 0.3463139413001118 
156.0000061414772 156.0 0.0 132.88694565896338 54.3409521974695 0.45925007489618164 0.3782658258475632 0.4313249812600169 0.3484486181958232 
157.00000614147731 157.0 0.0 133.82448469706512 54.666635621052315 0.4587237542147966 0.3794779383030951 0.4312695757462936 0.34942800887414893 
158.00000614147743 158.0 0.0 134.74515927545357 55.01119218500232 0.45827246910228664 0.38004726479392187 0.4309129527536281 0.3507405463176155 
159.00000614147754 159.0 0.0 135.6564647095554 55.36380279337705 0.4593131502773124 0.3832890572203196 0.43177551421762267 0.3553320952964197 
160.00000614147766 160.0 0.0 136.56402248594674 55.714706808970185 0.4607262874664406 0.38516572665518767 0.43174620146827675 0.3589908616865849 
161.00000614147777 161.0 0.0 137.4871955028104 56.07998744821868 0.46266558380328604 0.38835190532376057 0.4293418461542998 0.35946249772180655 
162.00000614147788 162.0 0.0 138.38038725796372 56.46206328234863 0.4643565380283217 0.3920463097642566 0.42703580494426635 0.36110752650818845 
163.000006141478 163.0 0.0 139.24109931292875 56.88031807919814 0.4657197298069178 0.39623065895165627 0.42406385400081503 0.3609524710726479 
164.0000061414781 164.0 0.0 140.08432229856288 57.31505919307828 0.46624971770099 0.4017147718159876 0.4236446945161051 0.36608664102630123 
165.00000614147822 165.0 0.0 140.93628981886351 57.727806891271754 0.4660245929966248 0.40588406730395926 0.4227940487181307 0.3707550325395776 
166.00000614147834 166.0 0.0 141.80886945659017 58.14301072599856 0.46629562219079923 0.4104498539183138 0.4225603885877683 0.3752919072011608 
167.00000614147845 167.0 0.0 142.6789506558392 58.5155053203695 0.46738309287917473 0.41398219313099016 0.42272069095699655 0.37768404386981125 
168.00000614147856 168.0 0.0 143.57276702061299 58.85255821033872 0.4690108116437923 0.41834120627601146 0.4249940938462047 0.3825316758482944 
169.00000614147868 169.0 0.0 144.4697064334796 59.15844604091872 0.4705373929881303 0.42120276662262496 0.42711582156414485 0.3878248714189903 
170.0000061414788 170.0 0.0 145.35915053091833 59.46872333653993 0.47369059675746045 0.42642147991377005 0.43105482997090167 0.39242411455107534 
171.0000061414789 171.0 0.0 146.2679575265464 59.80585279793444 0.47563952124175685 0.43021970415042815 0.43380782628324305 0.39629835883182307 
172.00000614147902 172.0 0.0 147.1705184259832 60.1553636868202 0.47791587288812876 0.43491378605994196 0.43799982544701566 0.4013178451328853 
173.00000614147913 173.0 0.0 148.06745783885148 60.52843709031209 0.480855783394984 0.4429681016598497 0.440872169188884 0.40683547887367355 
174.00000614147925 174.0 0.0 148.94565896314893 60.92973551728401 0.48397713707896584 0.44927851347143877 0.442629388389246 0.4128855196957487 
175.00000614147936 175.0 0.0 149.81886321049305 61.34706324639296 0.4862870819417725 0.4555687812173918 0.4432266402016091 0.417008470369962 
176.00000614147947 176.0 0.0 150.67895065583917 61.80215904722243 0.48744912182677974 0.46134289671266554 0.44512780442393357 0.42231936867583075 
177.0000061414796 177.0 0.0 151.5359150530911 62.21219828580882 0.4871433546975928 0.4656578847251959 0.4480479314916073 0.42663959599120715 
178.0000061414797 178.0 0.0 152.38913179262937 62.609397112639954 0.4862441689699752 0.4700853806599037 0.4484416555557792 0.430097117779126 
179.00000614147982 179.0 0.0 153.26108682073775 62.983692659831014 0.4861208277811914 0.47542060416627974 0.44893748572866965 0.43378213019253886 
180.00000614147993 180.0 0.0 154.1730168644602 63.309957127258535 0.48725679462494337 0.4807515160189033 0.4493371790289932 0.43660724596746514 
181.00000614148004 181.0 0.0 155.09369144284867 63.63960022208807 0.4876842553532829 0.4832177292967242 0.4499228594476989 0.44170559179570373 
182.00000614148016 182.0 0.0 155.98688319800178 63.974822804302754 0.4872513995847263 0.4865070287510011 0.45106435827419233 0.44641879295428105 
183.00000614148027 183.0 0.0 156.88632104934453 64.28469544937849 0.4871252183060423 0.49152705419115117 0.45041668780709176 0.45027610149059283 
184.00000614148038 184.0 0.0 157.78575890068703 64.60932360785382 0.4856478650713753 0.496147727437914 0.4510169784830107 0.4546576743706228 
185.0000061414805 185.0 0.0 158.67332916926821 64.96411582152263 0.4860903512317996 0.5016814891455673 0.45153705924197923 0.45914473807605455 
186.0000061414806 186.0 0.0 159.5602748282321 65.37572386539435 0.4889595769415779 0.5084120143811066 0.4533939748990099 0.46473822261671577 
187.00000614148072 187.0 0.0 160.4178638351037 65.81651316868681 0.49218512985672047 0.5153631444151293 0.4558628066288149 0.46978202186112444 
188.00000614148084 188.0 0.0 161.24797001873748 66.25258747731353 0.4941419675609124 0.5212067135576316 0.4574372152758937 0.4747354185323726 
189.00000614148095 189.0 0.0 162.07432854466023 66.65837416870067 0.4955803933151033 0.5261529761045575 0.4586121480488316 0.47875758010521025 
190.00000614148107 190.0 0.0 162.91942535915067 67.03824750595363 0.49898293225251256 0.5328706978147834 0.45989660630981444 0.48273722745886716 
191.00000614148118 191.0 0.0 163.78263585259174 67.40276495291539 0.5017795270391896 0.5368934177159204 0.4608619403208641 0.4866051974811211 
192.0000061414813 192.0 0.0 164.66333541536525 67.7049275246497 0.5039935960652384 0.540744035211413 0.4636515724764354 0.4911577736208455 
193.0000061414814 193.0 0.0 165.5427857588998 68.0255802950969 0.5063933065357161 0.5437827482196567 0.4656019246537082 0.49380259628918144 
194.00000614148152 194.0 0.0 166.4209868831988 68.3265699364124 0.5083799228405272 0.5472499125763848 0.46736330075567734 0.49800984874509757 
195.00000614148163 195.0 0.0 167.31542785758867 68.62283561674253 0.5108404111229039 0.5523412435750635 0.46838442555962817 0.5011154551772682 
196.00000614148175 196.0 0.0 168.21361648969332 68.96171466455378 0.5128363438177419 0.5563259394424354 0.47069923592690355 0.5052255614121096 
197.00000614148186 197.0 0.0 169.0918176139914 69.33636988808055 0.5152176592703337 0.5614072458196561 0.4743902040468958 0.5105535018428708 
198.00000614148198 198.0 0.0 169.95315427857508 69.74721090557532 0.5179039975690289 0.565674797296089 0.4766771973311107 0.5152153683026911 
199.0000061414821 199.0 0.0 170.80387257963898 70.18913028378225 0.5218011482501235 0.5691742307864893 0.47812180777854274 0.5182265772067453 
200.0000061414822 200.0 0.0 171.63647720174964 70.61244768864866 0.5242128150413812 0.5714935928010134 0.48032404967379416 0.5209948507039012 
201.00000614148232 201.0 0.0 172.4722048719543 71.0308340314128 1.4950160745417422 2.014385142034713 1.6701483841684606 2.1736075888298636 
202.00000614148243 202.0 0.0 173.29981261711364 71.4022587612946 2.020378663308841 2.3221921182725973 1.9986660464434225 2.338868852001208 
203.00000614148254 203.0 0.0 174.13179262960756 71.72857341985 1.788442679188237 2.2335984414750394 1.8157504322236495 2.2483234654183692 
204.00000614148266 204.0 0.0 174.97189256714503 72.03078220093424 1.6417245121579145 2.1929178883433105 1.6505210600301572 2.193818358161489 
205.00000614148277 205.0 0.0 175.8382261086829 72.33797023590964 1.5611280560310694 2.1627433965078446 1.5620874843559782 2.1615945942399506 
206.00000614148288 206.0 0.0 176.75452841973697 72.65771005917439 1.5123235231206291 2.1266977610026476 1.5086735882295637 2.128706433958508 
207.000006141483 207.0 0.0 177.64834478450993 72.97691851757662 1.472815645063294 2.0848469173830675 1.466792791385435 2.0929689099854714 
208.0000061414831 208.0 0.0 178.51842598375953 73.31337576814282 1.436186602384609 2.0435336919360574 1.42970744223913 2.0605955458292815 
209.00000614148323 209.0 0.0 179.36039975015638 73.66395425063797 1.4012162460151847 2.0015073982584504 1.3921827648752427 2.022825376637578 
210.00000614148334 210.0 0.0 180.17114303560305 74.04198600628686 1.3654675580738675 1.9560376885089636 1.3526811596852428 1.9787156573444553 
211.00000614148345 211.0 0.0 180.9656464709561 74.46218465837148 1.3274074465216459 1.9090588620831925 1.3134157568582716 1.9329775022556026 
212.00000614148357 212.0 0.0 181.77139287945133 74.83323263177374 1.290548591894866 1.855946962272681 1.2728049298724409 1.8739273286932474 
213.00000614148368 213.0 0.0 182.57651467832684 75.20095942270254 1.2517273201616734 1.7979565474813737 1.2303427311870687 1.8086472999370762 
214.0000061414838 214.0 0.0 183.3910056214855 75.54913645469823 1.2085674882995272 1.7351325691379809 1.1879367751511536 1.7420668171592246 
215.0000061414839 215.0 0.0 184.23173016864558 75.84819966595867 1.1657954329155737 1.6668443441588732 1.1426963450257523 1.6658681549607128 
216.00000614148402 216.0 0.0 185.1043098063726 76.15938706202945 1.117957384004512 1.591092947281571 1.0882022170659322 1.575086647558449 
217.00000614148414 217.0 0.0 185.9718925671449 76.47734033345066 1.068560372645803 1.510132777310544 1.0313813127453944 1.4791058305923956 
218.00000614148425 218.0 0.0 186.86008744534595 76.79505460797812 1.0179310337722307 1.424415480267958 0.9717421451816819 1.383175347312576 
219.00000614148436 219.0 0.0 187.74078700811904 77.1387039146383 0.964216138512444 1.333593286369434 0.9090509277477532 1.2873000632798814 
220.00000614148448 220.0 0.0 188.61274203622833 77.52634189447494 0.9076276390414252 1.2393064113098624 0.8444301246748479 1.1816361991435005 
221.0000061414846 221.0 0.0 189.47595252966929 77.96201528698276 0.8493458319356889 1.1425458618778315 0.7763536107739153 1.0709661323262074 
222.0000061414847 222.0 0.0 190.32604622111245 78.406472165379 0.7903218818763502 1.044116670242738 0.7077356228813244 0.9554524627669175 
223.00000614148482 223.0 0.0 191.189881324173 78.84793226552243 0.7302002691555796 0.9445893634113642 0.6415949887958531 0.8394833447808023 
224.00000614148493 224.0 0.0 192.05309181761294 79.2543945437554 0.6697032484970269 0.8469432925097123 0.5810982559509025 0.7311045497631209 
225.00000614148504 225.0 0.0 192.93004372267455 79.64759948084155 0.6106992887803987 0.7514467119618387 0.5240749691920723 0.6208605626554214 
226.00000614148516 226.0 0.0 193.83198001249082 80.03211778179809 0.5570759803505992 0.6588209258519981 0.4703310040326525 0.5181451230646008 
227.00000614148527 227.0 0.0 194.76639600249678 80.34724883320877 0.5128619572800072 0.5711085220402702 0.4254104876535786 0.4277630282319342 
228.0000061414854 228.0 0.0 195.68707058088864 80.67265731941453 0.4753877800023644 0.49362752333996573 0.3929853238915527 0.35453853481281994 
229.0000061414855 229.0 0.0 196.60649594003627 81.0008491176258 0.44555691797125374 0.4290409750760948 0.3749773190477366 0.31330891872787164 
230.0000061414856 230.0 0.0 197.51842598375936 81.33286430786104 0.42627213141969733 0.379087337741975 0.36658573473279255 0.29504640601585413 
231.00000614148573 231.0 0.0 198.4316052467217 81.70564072011216 0.4178542524998402 0.3516269467470184 0.37496931959406715 0.29957007280632264 
232.00000614148584 232.0 0.0 199.29793878825635 82.10955670321628 0.41809734454284064 0.3419920899765929 0.3939143013300688 0.3184010868598498 
233.00000614148595 233.0 0.0 200.13928794503323 82.53967204770483 0.42458904757045957 0.3475779377886461 0.4127706160133394 0.3391501856071348 
234.00000614148607 234.0 0.0 200.9656464709561 82.97139232348383 0.4361424087958215 0.3641641885408743 0.4250036578523818 0.35308468850934627 
235.00000614148618 235.0 0.0 201.803247970018 83.39502017173507 0.4475257868872979 0.3807415646062411 0.43447881408912736 0.35677678673311314 
236.0000061414863 236.0 0.0 202.65084322298736 83.8118123437922 0.4605520305396848 0.3935424065061367 0.43754194446712097 0.3569624601856742 
237.0000061414864 237.0 0.0 203.516552154902 84.19959846759761 0.47065752437507025 0.3992956964260331 0.436909961911486 0.3533818923976806 
238.00000614148652 238.0 0.0 204.40724547158132 84.55211586631239 0.47700191731746977 0.40182923013311744 0.4351779933243629 0.34916754572534575 
239.00000614148664 239.0 0.0 205.31230480949472 84.874598112433 0.48078504008956163 0.4013904923656785 0.43369040569533746 0.34575399182960487 
240.00000614148675 240.0 0.0 206.20612117426458 85.20600030225471 0.48086383666423044 0.39867170275517205 0.4332363196612295 0.34229634650919194 
241.00000614148686 241.0 0.0 207.10868207370416 85.54557662921219 0.47922096484843396 0.39589110840076724 0.4317053076567365 0.3386876103977808 
242.00000614148698 242.0 0.0 207.99063085571373 85.8902455879841 0.47746580633158725 0.39263042876352194 0.4323014919234118 0.3384685893290677 
243.0000061414871 243.0 0.0 208.84634603372814 86.2655645417275 0.4753472234645723 0.3882864576731607 0.4318859014444654 0.33672644867605045 
244.0000061414872 244.0 0.0 209.68831980012612 86.66591555933411 0.4728338961616259 0.38257648396629146 0.4326652916046926 0.33608937905840885 
245.00000614148732 245.0 0.0 210.52342286071072 87.09630937804822 0.47216053655096885 0.37826225525799656 0.43398086841872413 0.3355514293164855 
246.00000614148743 246.0 0.0 211.35165521549007 87.55410119646717 0.4724135382600858 0.37898850579035037 0.43314431491668814 0.3368379543555232 
247.00000614148755 247.0 0.0 212.19737663960197 87.96651930202472 0.47224579968847696 0.38072802818995927 0.4324109736637258 0.33772113480520877 
248.00000614148766 248.0 0.0 213.046845721425 88.36070777843958 0.4700059679835532 0.37953192599652347 0.4309490151567769 0.34083035916507215 
249.00000614148777 249.0 0.0 213.9094316052484 88.73416713554711 0.4692771104427842 0.37948405535551627 0.4301195003479712 0.3409992301618108 
250.0000061414879 250.0 0.0 214.8319800124906 89.04944484183805 0.4670860141425623 0.37791982290996323 0.4287212619306088 0.3376951976207692 
#####################################################################
# End of data export. Simulation finished at: 2020-02-27T21:31+0000 #
#####################################################################
